Line	D_20	GL_20	G_20	MD_20	MGL_20	AD_20	AGL_20	MG_20	TIF_20	Protein_20	Oil_20	Total-Isoflavone_20	Ds_20	Gs_20	GLs_20	D_21	GL_21	G_21	MD_21	MGL_21	AD_21	AGL_21	MG_21	TIF_21	Protein_21	Oil_21	Total-Isoflavone_21	Ds_21	Gs_21	GLs_21
JY001	66.34985326	19.10056026	157.7510319	396.6690158	221.5764692	43.49411353	12.15424113	947.4529277	1864.548213	44.755	17.238	1864.548213	506.5129826	1105.20396	252.8312706	139.9154	50.2176	249.9229667	913.2679	220.6905667	138.3727	63.56346667	986.6156333	2762.566233	44.81133333	18.11266667	2900.235667	1191.556	1236.5386	334.4716333
JY002	379.7456217	108.596017	391.3571983	1661.804868	474.2174113	107.6318398	4.80404321	1820.013674	4948.170673	44.856	16.24366667	4948.170673	2149.182329	2211.370872	587.6174715	191.0286333	89.0767	394.6758333	976.7897333	270.2346	176.4882333	66.9613	1311.949233	3477.204267	47.12733333	15.822	3582.7168	1344.3066	1706.625067	426.2726
JY003	191.381721	74.13648974	235.8692295	898.1630219	350.5953076	61.30464448	27.36658109	1105.333477	2944.150473	52.24666667	12.11966667	2944.150473	1150.849387	1341.202707	452.0983784	208.7327333	101.1215333	419.7064333	1094.374633	352.2378333	179.5260667	65.8008	1545.936333	3967.436367	49.73066667	13.888	3785.7591	1482.633433	1965.642767	519.1601667
JY004	208.2085776	50.15021259	284.2475649	1035.956275	375.2664208	79.93241443	11.55399834	1432.722315	3478.037779	49.86833333	12.656	3478.037779	1324.097267	1716.96988	436.9706318	73.19166667	89.6457	299.0049667	764.3352667	332.2097667	131.4595	60.96513333	1030.696433	2781.508433	49.85233333	13.349	2634.963867	968.9864333	1329.7014	482.8206
JY005	143.7829867	49.21059293	182.4487288	673.8059765	336.2498567	46.07365122	0	942.9599797	2374.531773	49.47533333	14.39533333	2374.531773	863.6626145	1125.408708	385.4604496	255.0722333	63.40996667	245.0516333	1255.161233	328.7413	104.9703	54.20566667	857.2608333	3163.873167	51.15433333	13.44933333	2853.249	1615.203767	1102.312467	446.3569333
JY006	57.29267909	56.11102247	53.68181677	296.0927293	286.9566852	5.89565372	12.11370242	285.3128087	1053.457098	47.30433333	15.63433333	1053.457098	359.2810621	338.9946255	355.1814101	230.2853667	65.44646667	268.1726333	1205.711833	266.0397333	111.052	64.4574	1411.482533	3622.647967	47.747	16.17366667	3572.002933	1547.0492	1679.655167	395.9436
JY007	413.9111071	84.55713537	548.0418822	1387.419453	385.0650959	103.7559769	51.47505578	1785.4482	4759.673906	42.868	17.65	4759.673906	1905.086537	2333.490082	521.0972871	220.7325333	117.7432333	478.8521	951.0671667	361.6400333	190.1550667	68.1235	1620.7282	4009.041833	46.214	16.14233333	4208.017233	1361.954767	2099.5803	547.5067667
JY008	322.9909981	108.7100021	227.6979279	1263.392188	549.5917435	58.16620246	13.04568805	995.9926855	3539.587435	42.56733333	17.59366667	3539.587435	1644.549388	1223.690613	671.3474336	271.7320333	64.00463333	315.8984333	1326.7211	266.3062333	140.5210333	53.06056667	1200.6564	3638.900433	46.92133333	17.05833333	3355.615567	1738.974167	1516.554833	383.3714333
JY009	136.5379502	36.99557985	242.4183622	759.9523293	286.9267681	77.43141357	32.00307985	1402.803145	2975.068628	49.22233333	13.97666667	2975.068628	973.921693	1645.221507	355.9254278	251.1096	79.9641	403.4634667	1472.636333	202.8687	176.813	66.95553333	1693.268733	4347.079467	46.63866667	15.61833333	4517.013967	1900.558933	2096.7322	349.7883333
JY010	108.5460675	49.01065026	174.7694239	580.0250231	256.0638674	42.96382085	21.48419864	957.736783	2190.599835	48.323	13.8	2190.599835	731.5349115	1132.506207	326.5587163	147.4739667	121.5121333	478.6944333	909.3374333	428.3632333	175.7330667	83.8417	1740.1564	4085.112367	51.35533333	12.737	4169.8952	1232.544467	2218.850833	633.7170667
JY011	204.4722352	85.55877416	248.8609733	931.7067252	415.8638249	73.00954764	21.98392504	1309.697731	3291.153736	45.24633333	17.4	3291.153736	1209.188508	1558.558704	523.4065241	304.4102	107.6138667	407.8685	1385.921533	356.5114667	159.6947	67.7628	1782.8758	4572.658867	47.124	17.935	4784.8991	1850.026433	2190.7443	531.8881333
JY012	506.6891956	116.3394811	548.708889	1980.748264	606.853194	148.6917739	0	2433.965699	6341.996496	38.22533333	20.52366667	6341.996496	2636.129233	2982.674588	723.1926751	237.6129	110.2977	447.2958333	1263.132233	424.3275667	168.3842333	67.90906667	2031.8916	4750.851133	44.77533333	18.66966667	4925.781567	1669.129367	2479.187433	602.5343333
JY013	253.2891083	60.05526786	436.9590772	1282.609147	395.9235422	141.6647649	52.47316401	2456.797735	5079.771807	42.977	17.509	5079.771807	1677.563021	2893.756813	508.4519741	238.9828333	120.3394	462.4460333	1248.977	366.3529333	166.5447333	59.46553333	1703.078467	4366.186933	44.69366667	18.165	4660.280933	1654.504567	2165.5245	546.1578667
JY014	39.97282916	44.86827805	130.3049489	280.6323191	232.0034133	39.76757277	21.01933527	802.1414542	1590.710151	45.875	16.416	1590.710151	360.372721	932.4464031	297.8910266	7.8494	51.59596667	81.20013333	511.5792667	250.0427	51.97796667	50.42583333	378.7469667	1383.418233	48.29166667	15.20266667	1256.278467	571.4066333	459.9471	352.0645
JY015	217.7727137	101.7718467	320.6391164	949.2242613	415.5120231	78.29303232	38.55937095	1383.292498	3505.064863	47.08266667	15.24466667	3505.064863	1245.290007	1703.931615	555.8432407	16.67406667	84.08836667	261.4129667	240.6303333	220.5579667	120.8947	65.07333333	685.9264333	1695.258167	51.231	14.14766667	1764.6873	378.1991	947.3394	369.7196667
JY016	68.70609236	38.12106464	103.0110088	399.9652517	226.2060344	29.70456487	19.41774089	614.7223672	1499.854125	46.67933333	17.405	1499.854125	498.3759089	717.733376	283.7448399	237.3763	92.2897	450.6508	906.7691667	500.9812333	163.0604333	81.73583333	1712.752433	4145.6159	48.71766667	16.91633333	4435.662733	1307.2059	2163.403233	675.0067667
JY017	89.06123495	25.21125492	144.2713903	511.1516726	214.266189	42.66350674	29.68048161	851.6284356	1907.934166	41.414	19.06433333	1907.934166	642.8764143	995.8998259	269.1579255	107.3742667	65.57636667	187.0464333	838.4198333	295.3148	92.455	53.77513333	772.0308333	2411.992667	47.595	16.11466667	2490.3942	1038.2491	959.0772667	414.6663
JY018	75.48021497	45.62553997	222.6455526	470.7760834	238.4915241	68.01830202	40.91470532	1329.394688	2491.346611	45.09733333	15.79733333	2491.346611	614.2746003	1552.040241	325.0317694	155.8926333	101.6669	419.8136333	956.9565333	337.0042333	163.0726333	57.84493333	1579.635167	3771.886667	47.10966667	15.36733333	3590.415033	1275.9218	1999.4488	496.5160667
JY019	181.6652136	35.95180291	293.2249739	895.7858487	302.1178506	79.16067421	36.1527711	1503.688936	3327.748072	48.70966667	13.34933333	3327.748072	1156.611737	1796.91391	374.2224246	265.3985333	105.9873333	419.1138667	1441.0668	331.5278333	172.8795333	56.02786667	1545.482833	4337.4846	49.01566667	13.37766667	4538.867833	1879.344867	1964.5967	493.5430333
JY020	130.4109652	59.57789242	317.4472626	770.2205377	311.205041	97.14869209	38.55598075	1720.542531	3445.108903	51.647	12.49066667	3445.108903	997.780195	2037.989794	409.3389142	325.0491	108.9041333	498.7876333	1541.095933	368.4128333	181.5198333	62.78113333	2020.959167	5107.509767	48.66	13.79233333	5161.288433	2047.664867	2519.7468	540.0981
JY021	137.3764939	64.24462013	366.127592	700.0034426	322.0254183	97.14792787	33.22738922	1744.025881	3464.178765	50.19966667	13.339	3464.178765	934.5278644	2110.153473	419.4974276	94.4889	83.10526667	262.7339667	902.0941667	238.7918667	124.2461667	43.66053333	1045.3942	2794.515067	50.18333333	14.50633333	2237.442067	1120.829233	1308.128167	365.5576667
JY022	532.4350951	85.16663449	693.0869877	2059.467229	441.2808918	158.6322257	66.24993519	2637.037617	6673.356616	46.54233333	15.57933333	6673.356616	2750.53455	3330.124605	592.6974615	286.2215	112.8856667	465.5219333	1396.394033	351.8550667	179.2575	65.20536667	1941.2858	4798.626867	47.05333333	15.60633333	4845.710933	1861.873033	2406.807733	529.9461
JY023	51.05247468	40.03955566	140.9867529	336.8103299	307.1951277	11.84744773	22.04744355	825.6277979	1735.60693	54.53233333	12.09633333	1735.60693	399.7102523	966.6145508	369.2821269	111.8546333	78.45263333	237.2067	884.5673	390.2257333	102.9539667	43.47816667	845.1565333	2693.895667	56.88033333	11.17066667	2460.227867	1099.3759	1082.363233	512.1565333
JY024	388.0221065	51.42341522	381.73621	1750.074097	337.340587	0	34.66228765	1796.119441	4739.378145	43.033	16.82733333	4739.378145	2138.096204	2177.855651	423.4262898	337.8311667	108.3527667	536.4323333	1763.389267	296.0549	218.297	68.1467	2101.977367	5430.4815	42.454	17.362	5195.329767	2319.517433	2638.4097	472.5543667
JY025	146.6989736	50.5214889	218.2580575	754.4623972	266.7052833	1.700257333	16.05970123	1180.812697	2635.218856	51.70133333	11.57366667	2635.218856	902.8616281	1399.070755	333.2864734	241.3390333	100.0495	466.4592	1400.961267	275.4287667	196.1655667	63.98686667	1735.569033	4479.959233	42.139	18.03666667	4232.915367	1838.465867	2202.028233	439.4651333
JY026	429.5728644	123.8297129	508.1571866	1505.75351	486.3456069	17.88800409	53.27886549	2001.962526	5126.788276	47.75733333	14.551	5126.788276	1953.214378	2510.119713	663.4541853	88.40146667	64.91016667	225.0427667	738.3963667	266.5942	110.6976333	55.02326667	864.6560333	2413.7219	51.21333333	13.786	2472.493167	937.4954667	1089.6988	386.5276333
JY027	306.1004181	72.61887957	313.7290961	1378.858009	398.9203722	8.360670558	46.11230047	1558.569275	4083.269021	45.45266667	16.28666667	4083.269021	1693.319098	1872.298371	517.6515523	167.3097667	105.7504333	397.3192	986.6308667	331.5819333	177.284	65.0207	1345.6955	3576.5924	45.12766667	16.422	3438.203467	1331.224633	1743.0147	502.3530667
JY028	5.658781824	23.09227264	14.32061828	95.85123743	167.9388355	0	0	123.8496564	430.7114021	49.85733333	11.227	430.7114021	101.5100193	138.1702747	191.0311082	140.5937	84.8641	251.6789667	1006.526433	299.1336667	113.7455667	50.3517	1058.1664	3005.060533	47.64033333	15.205	2752.890633	1260.8657	1309.845367	434.3494667
JY029	91.15536051	40.44538479	120.842678	541.9925245	322.2931741	12.58314549	16.96559288	638.2450438	1784.522904	46.92233333	13.464	1784.522904	645.7310305	759.0877218	379.7041518	78.24313333	80.23553333	225.9727667	879.5510333	209.5859	147.5785667	43.88703333	753.3306333	2418.3846	49.30033333	13.541	1954.222833	1105.372733	979.3034	333.7084667
JY030	208.4002564	53.27233722	423.2464166	965.6959282	358.7234663	124.7604437	37.86160228	2004.026917	4175.987368	49.46766667	15.27166667	4175.987368	1298.856628	2427.273334	449.8574058	121.6279333	83.79026667	312.9473333	831.7044333	257.3087	138.7592333	65.73476667	1245.219367	3057.092033	49.108	16.963	3182.520833	1092.0916	1558.1667	406.8337333
JY031	219.6094093	79.43373171	399.1763594	1088.155905	402.0446839	138.6958516	39.82746268	2089.052741	4455.996144	45.72266667	16.60066667	4455.996144	1446.461166	2488.2291	521.3058783	239.4979	118.9696	513.3853333	1213.8331	415.3504	187.1770333	82.7986	1822.896333	4593.9083	43.51733333	18.196	4905.317367	1640.508033	2336.281667	617.1186
JY032	413.8458736	101.0822573	325.9798785	1810.749856	459.6694159	82.19304022	52.6269595	1515.781158	4761.928439	42.86	15.795	4761.928439	2306.78877	1841.761037	613.3786327	163.8077333	88.7676	351.0182	1038.419767	275.8366667	167.1635333	51.56503333	1168.591367	3305.1699	41.303	18.94066667	2987.847967	1369.391033	1519.609567	416.1693
JY033	500.8122615	136.9369836	663.9945813	2091.345859	543.1160046	156.1034568	67.67820224	2858.510205	7018.497554	46.89	13.642	7018.497554	2748.261577	3522.504787	747.7311904	236.6092333	98.79686667	393.1793667	1348.1422	321.1229333	169.8893333	57.64323333	1509.661667	4135.044833	46.537	15.72666667	4002.435533	1754.640767	1902.841033	477.5630333
JY034	71.92035956	30.93751013	190.5010116	457.6168732	234.9230929	58.46990701	27.53724685	1206.730184	2278.636185	42.291	17.35	2278.636185	588.0071398	1397.231195	293.3978499	134.4725333	84.79703333	388.6008667	769.0352667	290.6210667	144.5550333	59.73873333	1332.554333	3204.374867	44.667	18.505	3411.2184	1048.062833	1721.1552	435.1568333
JY035	292.8624543	44.54432767	323.8947008	1398.755978	319.0470042	82.17986611	32.92657465	1685.551488	4179.762393	42.92466667	17.05466667	4179.762393	1773.798298	2009.446189	396.5179065	387.5765667	117.4396333	511.5856	1859.678633	398.6916	174.0027	56.51953333	2162.054533	5667.5488	42.91666667	17.21233333	5895.164733	2421.2579	2673.640133	572.6507667
JY036	473.5330564	122.9654718	1043.714711	1926.411369	522.687275	279.7073633	59.36787654	4152.784389	8581.171512	44.299	14.28033333	8581.171512	2679.651788	5196.499101	705.0206233	414.7011333	102.4542	485.6190667	1883.1932	433.9277333	177.6404667	57.18636667	1942.9136	5497.635767	45.009	15.15333333	5679.241233	2475.5348	2428.532667	593.5683
JY037	121.3770503	55.58393072	285.136637	622.863119	308.488468	97.58889452	36.40544545	1483.162487	3010.606032	52.70666667	12.88133333	3010.606032	841.8290639	1768.299124	400.4778441	56.46543333	85.96813333	309.5081333	95.55203333	341.9888667	116.8903667	86.79963333	1065.207967	2158.380567	52.81533333	15.52	2653.955067	268.9078333	1374.7161	514.7566333
JY038	413.1377434	41.59495033	455.3178688	1688.961384	308.4098417	140.421088	46.8014967	2071.321859	5165.966231	44.298	15.02233333	5165.966231	2242.520215	2526.639727	396.8062887	262.3083	117.2015667	478.7710333	1396.416433	348.165	186.8002667	69.51046667	1885.2082	4744.381267	44.387	15.48233333	4519.031567	1845.525	2363.979233	534.8770333
JY039	97.5721249	19.31254056	148.0440603	571.8139983	216.2249032	63.87385489	43.19011157	930.53325	2090.564844	45.50933333	15.84	2090.564844	733.2599781	1078.57731	278.7275554	123.9262	62.74166667	239.3768667	877.4601	241.6196333	98.93316667	48.832	991.7705667	2684.6602	48.79766667	15.131	2862.364267	1100.319467	1231.147433	353.1933
JY040	301.8846315	71.90935235	440.5112667	1366.32093	279.1564399	161.5647434	54.22325059	2260.488164	4936.058778	45.79633333	14.50033333	4936.058778	1829.770304	2700.999431	405.2890428	308.4208667	95.1256	474.2195667	1525.2452	351.9331333	166.5889333	63.6908	1868.980467	4854.204567	46.20733333	16.314	5045.173467	2000.255	2343.200033	510.7495333
JY041	276.1679525	69.52832358	377.4545895	1247.035434	301.8585936	143.0678089	48.43915495	2003.485581	4467.037438	48.609	13.14566667	4467.037438	1666.271195	2380.940171	419.8260721	226.4428	96.255	368.2899667	1301.195567	289.1174	154.531	60.94946667	1500.786433	3997.567633	46.187	16.24733333	4063.888	1682.169367	1869.0764	446.3218667
JY042	563.3179371	121.1779329	535.2761709	2200.82173	589.8163899	155.123277	48.98557352	2245.189829	6459.70884	48.069	15.59233333	6459.70884	2919.262944	2780.466	759.9798963	423.7219333	128.5596	623.0451	2004.159	565.1381	203.0354	80.0043	2595.615567	6623.279	46.11633333	15.82833333	6829.2832	2630.916333	3218.660667	773.702
JY043	505.12468	81.31367462	430.5889331	2164.386985	464.3649892	122.6347816	31.89069572	1839.994602	5640.299341	42.10833333	17.06066667	5640.299341	2792.146447	2270.583535	577.5693596	293.6580667	103.3181667	412.3597	1571.545267	324.6753	167.7607	57.0926	1648.3071	4578.7169	41.56066667	18.30433333	4471.735	2032.964033	2060.6668	485.0860667
JY044	NA	NA	NA	NA	NA	NA	NA	NA	NA	NA	NA	NA	NA	NA	NA	61.9548	53.92356667	245.3556333	729.134	175.6597667	143.3450333	47.39313333	843.7383667	2300.5043	44.96966667	19.124	1872.941367	934.4338333	1089.094	276.9764667
JY045	298.6073799	80.22096809	444.4746233	1331.337505	339.6338836	156.7441882	45.81623051	2258.114529	4954.949307	45.258	15.38566667	4954.949307	1786.689073	2702.589152	465.6710822	313.3398667	91.78673333	395.2064333	1561.745033	294.1861667	161.5078333	58.6902	1682.127367	4558.589633	46.33066667	15.88533333	4724.0804	2036.592733	2077.3338	444.6631
JY046	83.66061086	52.46500523	81.32392802	442.0128998	346.1231551	34.05649166	4.573461963	458.2820452	1502.497598	44.96366667	16.859	1502.497598	559.7300023	539.6059732	403.1616223	358.8192	103.5166333	472.5100333	1553.195633	322.8339	166.4634	63.91343333	2091.201667	5132.4539	42.42366667	18.98533333	5532.983733	2078.478233	2563.7117	490.2639667
JY047	161.71393	32.85319904	174.9783484	710.5392636	213.9875348	65.48653642	17.42774629	937.675255	2314.661813	47.10533333	16.19366667	2314.661813	937.73973	1112.653603	264.2684801	94.5286	78.59816667	303.1832667	524.0578	209.8223333	141.2798333	60.6421	1028.029	2440.1411	44.80266667	18.843	2489.459	759.8662333	1331.212267	349.0626
JY048	445.3102927	120.0558291	669.3191474	1816.338781	465.4232161	192.0869884	48.64315886	2739.520124	6496.697537	49.922	12.792	6496.697537	2453.736062	3408.839271	634.1222041	308.5999333	120.1035667	576.6058	1372.8295	452.9702667	200.5835667	77.41993333	2283.7339	5392.846467	50.38866667	14.518	5628.351933	1882.013	2860.3397	650.4937667
JY049	296.5116667	58.38298188	389.7204888	1324.217429	372.4833659	143.1984949	34.80177864	1951.808801	4571.125007	46.00766667	15.74233333	4571.125007	1763.927591	2341.52929	465.6681265	324.2789667	115.1000333	543.5417333	1473.761967	402.6081667	177.3386	67.771	2192.662433	5297.0629	44.00766667	17.517	5793.995733	1975.379533	2736.204167	585.4792
JY050	NA	NA	NA	NA	NA	NA	NA	NA	NA	NA	NA	NA	NA	NA	NA	106.9527	62.43533333	264.0900333	699.9023333	229.4445667	117.4759333	53.0883	1125.6359	2659.0251	45.64666667	19.163	2508.886733	924.3309667	1389.725933	344.9682
JY051	86.59018011	39.71580497	167.0688016	513.1935636	252.6444122	70.89815578	17.09362483	974.0613056	2121.265849	45.454	15.61766667	2121.265849	670.6818994	1141.130107	309.453842	211.4133667	97.5058	378.0034333	1110.270433	299.7914667	154.1271333	58.7491	1444.498467	3754.3592	45.50766667	16.092	3745.741867	1475.810933	1822.5019	456.0463667
JY052	341.2018852	28.91948131	336.2822223	1448.740042	276.1869273	121.5800444	29.03526212	1701.463308	4283.409173	46.22666667	16.60733333	4283.409173	1911.521972	2037.74553	334.1416708	223.8389667	77.2481	383.0580333	1443.552667	431.6554667	148.7804333	45.04923333	1668.142233	4421.325133	45.62733333	17.95033333	4055.7422	1816.172067	2051.200267	553.9528
JY053	301.1636356	52.74299417	277.6452402	1318.490474	358.8837741	105.9374659	32.48885121	1423.840794	3871.193229	47.655	14.308	3871.193229	1725.591576	1701.486034	444.1156195	149.8647333	111.5331667	407.5249333	869.9908333	293.8316333	150.6375667	65.3577	1315.340667	3364.081233	45.59733333	15.62133333	3408.047533	1170.493133	1722.8656	470.7225
JY054	51.75239909	14.04046341	84.68326361	378.7156964	188.8123826	26.33539427	0	645.7681027	1390.107702	48.88633333	16.01	1390.107702	456.8034898	730.4513663	202.852846	131.2752	43.5206	188.6160333	1072.244933	189.1388	92.0241	50.58993333	980.3155333	2747.725133	49.006	16.606	2791.932967	1295.544233	1168.931567	283.2493333
JY055	311.4212462	41.79031647	214.3747613	1432.797258	297.6862004	85.28314166	18.45640702	1208.923578	3610.732909	48.23233333	12.42033333	3610.732909	1829.501646	1423.298339	357.9329239	457.9939667	129.6826667	605.0537667	2258.979467	428.8842667	213.6746667	63.7525	2639.726233	6797.747533	50.51233333	11.266	6795.975567	2930.6481	3244.78	622.3194333
JY056	401.8313575	128.4520588	388.4263827	1516.535267	586.4854541	132.4845878	0.719302411	1820.792461	4975.726871	44.684	14.27033333	4975.726871	2050.851212	2209.218843	715.6568153	199.1884	94.99046667	411.3179333	953.4033333	432.3069333	156.8278	66.50883333	1546.4714	3861.0151	44.86366667	16.88266667	3953.6491	1309.419533	1957.789333	593.8062333
JY057	460.7810037	96.40099981	529.5542412	2055.182807	594.4069863	183.4947392	10.49024963	2851.936295	6782.247322	45.49033333	14.87233333	6782.247322	2699.45855	3381.490537	701.2982358	514.9180333	128.0885333	628.059	2385.683367	531.2567333	179.5688	49.7762	2828.092933	7245.4436	42.68633333	16.41133333	7576.638033	3080.1702	3456.151933	709.1214667
JY058	37.72870375	36.21411546	90.43940053	216.8181137	247.4331485	45.04351354	10.53757898	608.3663657	1292.58094	46.30633333	17.10833333	1292.58094	299.590331	698.8057662	294.184843	186.5769333	64.8232	256.0665	1024.7155	321.5005	112.2682	44.77306667	995.2110333	3005.934933	46.905	17.878	2957.0397	1323.560633	1251.277533	431.0967667
JY059	268.7207694	49.21192675	595.7745517	1115.432593	291.6809446	177.0611939	22.93106569	2708.306594	5229.11964	45.77866667	14.88266667	5229.11964	1561.214556	3304.081146	363.8239371	319.4305667	121.0363667	512.8573667	1533.3737	351.3442333	196.8657	62.191	2172.0747	5269.173633	43.52666667	17.545	5591.592133	2049.669967	2684.932067	534.5716
JY060	31.1559322	20.25408953	25.73226632	207.1002327	191.6511559	4.832985163	0	206.2176236	686.9442855	49.46433333	15.409	686.9442855	243.0891501	231.94989	211.9052454	143.2000667	60.63856667	190.7855333	1007.598433	290.1590667	66.8927	39.1138	947.3446667	2745.732833	49.43633333	15.59566667	2596.561533	1217.6912	1138.1302	389.9114333
JY061	361.1070401	74.1094704	345.1729925	1230.898764	388.9804653	97.33492233	0.141647307	1597.214879	4094.960181	44.56433333	14.75966667	4094.960181	1689.340727	1942.387872	463.231583	298.6406	100.7172	425.4422	1608.625433	346.3976333	164.1592	51.74106667	1939.187167	4934.9105	46.132	15.998	4779.4336	2071.425233	2364.629367	498.8559
JY062	68.96124826	18.84770243	98.36731872	431.2898207	226.5631462	49.2827163	0	588.7381804	1482.050133	48.919	14.92066667	1482.050133	549.5337853	687.1054991	245.4108486	189.1086667	58.2585	261.8765667	1254.618833	284.8205333	112.0633	48.76786667	1170.299467	3379.813733	49.667	14.84133333	3529.4642	1555.7908	1432.176033	391.8469
JY063	33.96817427	11.04253675	183.6645266	205.9412193	148.524804	57.7268021	10.83345851	941.931102	1593.632624	49.61766667	12.85733333	1593.632624	297.6361957	1125.595629	170.4007993	86.56543333	51.99083333	175.5648333	758.8084667	234.2145	83.76426667	56.62453333	630.7816333	2078.3145	50.527	13.06433333	2238.469567	929.1381667	806.3464667	342.8298667
JY064	76.67267853	32.18705061	54.7251955	490.4420369	297.1060557	27.57278869	11.55911646	427.9374912	1418.202414	44.28633333	13.95533333	1418.202414	594.6875041	482.6626867	340.8522228	147.3259333	131.7767	467.3120333	990.5897333	331.1624333	152.5254333	61.78586667	1849.438967	4131.9171	49.909	13.17133333	4396.112333	1290.4411	2316.751	524.725
JY065	421.9925069	61.6446785	667.6583882	1867.538738	544.9217974	205.2822879	12.88438149	3316.256541	7098.17932	46.50266667	16.38166667	7098.17932	2494.813533	3983.91493	619.4508574	433.2010333	136.8064667	664.5204	2016.463533	563.4441	238.0290667	64.7585	2460.166167	6577.389267	44.356	18.11733333	6846.436833	2687.693633	3124.686567	765.0090667
JY066	323.2098087	116.1430522	598.4719572	1310.708899	682.8908099	172.8640371	9.511651701	2686.255886	5900.056102	44.945	16.12933333	5900.056102	1806.782745	3284.727843	808.5455138	290.0303	105.4362667	452.4913667	1158.936667	388.9082667	147.5954667	76.46113333	1766.687467	4386.546933	44.97266667	17.21833333	5064.236033	1596.562433	2219.178833	570.8056667
JY067	140.2395809	39.33475561	135.6625299	645.2257759	315.2568774	41.52698017	0	788.6146997	2105.861199	50.22733333	14.16733333	2105.861199	826.9923369	924.2772296	354.591633	180.7523333	87.37963333	301.8316	1133.292067	355.3688	125.3900667	63.78056667	1358.342667	3606.137733	51.57033333	13.84333333	3177.133467	1439.434467	1660.174267	506.529
JY068	639.3242611	120.375415	564.7056179	2379.157086	457.519586	159.8303003	5.208989764	2388.358143	6714.479399	43.98866667	15.74766667	6714.479399	3178.311648	2953.063761	583.1039907	358.8084333	114.4189333	499.9864	1828.821933	407.4384333	197.6005667	71.8258	1984.7972	5463.6977	43.825	15.649	5408.246733	2385.230933	2484.7836	593.6831667
JY069	68.05598937	35.57341433	153.4119242	390.7770969	274.6480516	70.91602972	0	846.2524663	1839.634972	44.909	16.87433333	1839.634972	529.749116	999.6643905	310.2214659	202.5468667	72.19743333	319.2829667	930.1192333	308.3646333	138.4670333	70.36743333	1264.433433	3305.779033	49.45466667	15.623	3494.1263	1271.133133	1583.7164	450.9295
JY070	468.3086129	81.73553545	423.0995724	1947.015676	510.9177551	16.6363792	7.724731888	2347.299945	5802.738208	45.24533333	16.15033333	5802.738208	2431.960668	2770.399518	600.3780224	333.9223667	96.0112	447.8000333	1465.600767	411.1523	165.0101333	64.24276667	1687.364267	4671.103833	50.761	14.30466667	4627.899067	1964.533267	2135.1643	571.4062667
JY071	87.62628534	31.88142222	112.975907	512.3825143	229.9680072	44.27360473	0	722.0835344	1741.191275	47.74966667	16.505	1741.191275	644.2824044	835.0594414	261.8494294	163.6296	75.1972	291.0596	844.6573	247.3977	148.8306667	73.1842	1195.042067	3038.998333	49.083	16.26066667	3246.5944	1157.117567	1486.101667	395.7791
JY072	301.6586573	74.18593976	315.4208173	1406.170909	505.3099296	21.96161587	0	1769.62303	4394.330899	41.51966667	21.044	4394.330899	1729.791183	2085.043847	579.4958693	240.4048333	81.42186667	363.4019667	998.4193333	361.3390333	151.8860667	69.21006667	1352.5927	3618.675867	46.05866667	18.094	3727.798167	1390.710233	1715.994667	511.9709667
JY073	171.7896242	55.01480975	170.6492582	884.6277342	286.5727109	3.831731845	0	1037.642184	2610.128054	50.52166667	11.85066667	2610.128054	1060.24909	1208.291443	341.5875207	288.5769333	100.5743	366.5603667	1420.056133	398.0276667	123.3098	69.1359	1825.006333	4591.247433	50.346	14.009	4852.093733	1831.942867	2191.5667	567.7378667
JY074	398.8683373	137.4811988	444.821277	1558.438662	521.5443241	17.77846659	5.943922249	2327.221577	5412.097765	37.46766667	18.305	5412.097765	1975.085465	2772.042854	664.9694451	311.4825667	107.7435	433.6948667	1458.343167	418.2377	145.1601	65.3038	1852.5329	4792.4986	42.826	17.47766667	4827.371733	1914.985833	2286.227767	591.285
JY075	392.0287347	148.0700789	463.6986868	1791.746367	734.4176219	23.82759438	8.85623357	2631.992407	6194.637725	39.99633333	19.37333333	6194.637725	2207.602697	3095.691094	891.3439344	280.0413333	111.3499	436.2528333	1297.127433	430.9436333	160.526	69.74666667	1787.290533	4573.278333	43.25566667	17.36766667	4554.510433	1737.694767	2223.543367	612.0402
JY076	238.5107987	35.34958183	198.8282387	1089.558551	290.5714332	29.98207953	0	1213.941701	3096.742384	44.02533333	16.36866667	3096.742384	1358.051429	1412.76994	325.9210151	216.4361667	100.7915333	436.6768667	999.5398667	295.6658667	172.0911667	78.07393333	1635.9151	3935.1905	46.356	16.86133333	3864.501	1388.0672	2072.591967	474.5313333
JY077	329.3400112	80.63342403	338.8393886	1360.268859	561.2000959	32.91493172	0	1558.219151	4261.415861	43.10633333	17.553	4261.415861	1722.523802	1897.05854	641.8335199	69.03776667	97.1268	330.7122667	389.7983	303.1401333	114.3371667	79.45686667	1074.595933	2458.205233	46.44266667	15.95533333	2671.063833	573.1732333	1405.3082	479.7238
JY078	218.6133822	22.64327233	202.7073983	1065.088044	241.1127542	3.899571917	0	1205.478919	2959.543342	47.92866667	14.765	2959.543342	1287.600998	1408.186317	263.7560265	219.2544	100.1546	353.6915667	1336.555733	326.1263333	145.1314333	63.73273333	1500.361833	4045.008633	49.27266667	12.998	3775.810533	1700.941567	1854.0534	490.0136667
JY079	193.2573284	60.55362488	145.1789387	675.5393754	304.1717849	24.71389172	0	658.6075629	2062.022507	43.14766667	18.571	2062.022507	893.5105956	803.7865016	364.7254098	235.3856667	57.01486667	207.6048333	1350.4706	307.3868	96.36913333	61.03496667	1107.7051	3422.971967	46.758	16.15633333	3431.322567	1682.2254	1315.309933	425.4366333
JY080	328.4008694	52.8653719	213.1142704	1285.554401	324.7812637	55.8093816	0	1086.198867	3346.724425	47.26633333	15.419	3346.724425	1669.764652	1299.313138	377.6466356	153.6716333	54.18203333	152.1538	1020.3616	252.2549667	77.45336667	44.09276667	655.1381	2409.308267	48.70766667	15.66966667	2499.321133	1251.4866	807.2919	350.5297667
JY081	211.0334994	85.48284608	269.5926253	924.7616805	509.3017157	70.96741848	0	1462.411148	3533.550934	50.34133333	14.399	3533.550934	1206.762598	1732.003774	594.7845617	180.3389667	65.7775	329.1939667	811.7761667	347.4649667	133.1659	55.3788	956.5644333	2879.6607	53.442	13.80966667	3010.311867	1125.281033	1285.7584	468.6212667
JY082	295.7308146	47.23646349	378.0050655	1401.84922	337.9388683	118.7583604	7.517918931	2251.048862	4838.085574	42.15166667	18.20833333	4838.085574	1816.338395	2629.053928	392.6932507	267.5309333	93.9388	405.9981	1327.783433	357.3783	161.2875	53.47803333	1647.343733	4314.738833	47.647	16.16466667	4332.848	1756.601867	2053.341833	504.7951333
JY083	216.4385741	85.60854236	318.0466682	970.9059214	420.9137396	78.57989932	0	1633.486243	3723.979588	46.28133333	15.64266667	3723.979588	1265.924395	1951.532911	506.522282	303.5628667	78.7749	283.8763333	1461.139633	344.0754	79.45133333	48.53163333	1576.8855	4176.2976	47.857	16.549	4112.300133	1844.153833	1860.761833	471.3819333
JY084	76.84121528	58.08165042	70.54629473	343.5862419	303.0366665	8.610547702	0	405.947265	1266.649881	52.065	12.69466667	1266.649881	429.0380048	476.4935597	361.1183169	344.4094333	94.53736667	372.4398	1643.231467	496.7003667	113.1132	48.9172	1903.336933	5016.685767	52.73066667	13.53566667	4773.997367	2100.7541	2275.776733	640.1549333
JY085	130.9937917	89.45000515	383.9360974	625.3246568	355.2753024	112.7903098	3.033501596	2148.763745	3849.56741	43.539	17.21033333	3849.56741	869.1087583	2532.699842	447.7588092	251.8529	93.89616667	389.8481667	1326.514467	354.8921667	141.2314333	51.00513333	1704.8562	4314.096633	45.28033333	17.04666667	4130.138033	1719.5988	2094.704367	499.7934667
JY086	223.1382892	79.65218348	149.6591034	840.5680935	421.6318608	30.16677274	0	782.7155583	2527.531861	45.20133333	14.516	2527.531861	1093.873155	932.3746617	501.2840442	241.5085	116.6267333	377.3495333	1063.507967	411.1457	117.7488667	64.0369	1584.309167	3976.233367	47.668	15.35066667	4201.857433	1422.765333	1961.6587	591.8093333
JY087	102.2487097	41.98774526	70.41373515	480.1602059	330.6522028	10.76350952	0	458.8894879	1495.115596	41.196	20.03033333	1495.115596	593.1724251	529.303223	372.639948	186.4542333	67.5211	261.2224	966.8714	286.0695667	96.7591	46.8556	1218.144467	3129.897867	44.526	19.60166667	3293.431	1250.084733	1479.366867	400.4462667
JY088	227.1881006	50.64511976	138.7198273	889.4183784	381.8461672	33.70552084	0	836.4529792	2557.976093	41.176	18.54233333	2557.976093	1150.312	975.1728065	432.4912869	249.5831667	77.18053333	314.7842333	1128.895767	333.1958333	129.7772667	50.9381	1468.191067	3752.545967	41.87733333	20.04533333	3572.0355	1508.2562	1782.9753	461.3144667
JY089	222.1790895	67.88055092	282.1037202	1106.166887	455.2044262	82.51558437	0	1717.246764	3933.297022	45.65533333	15.99766667	3933.297022	1410.861561	1999.350484	523.0849772	154.2110667	104.8164333	409.3979667	791.1618333	437.8239667	111.8682	58.29966667	1323.408433	3390.987567	45.43633333	16.69	3657.7168	1057.2411	1732.8064	600.9400667
JY090	244.032135	36.24944631	221.1357759	1054.163884	275.182109	52.52093127	0	1136.742129	3020.02641	51.84	12.55266667	3020.02641	1350.71695	1357.877905	311.4315553	293.7734	86.43938333	401.80595	1423.44545	361.0654	136.6348333	60.00696667	1667.309417	4430.4808	48.935	13.92633333	4643.492183	1853.853683	2069.115367	507.51175
JY091	160.4392378	29.25913279	153.8873277	746.9971098	253.4120803	41.75716259	0	862.5217705	2248.273821	47.021	13.68366667	2248.273821	949.1935102	1016.409098	282.6712131	237.1803333	69.95853333	238.4173	1215.713533	319.8983667	67.52383333	47.56806667	1328.949167	3525.209133	49.24933333	14.86266667	3333.9896	1520.4177	1567.366467	437.4249667
JY092	66.21283982	44.09019969	80.0138006	396.8178477	277.7970666	15.46012895	0	507.9024351	1388.294319	51.689	12.428	1388.294319	478.4908165	587.9162357	321.8872663	256.4806	66.8587	294.5066	1425.0909	354.2492333	105.1904333	43.2081	1357.366533	3902.9511	50.57566667	13.98066667	4131.951833	1786.761933	1651.873133	464.3160333
JY093	312.0584527	57.87466313	357.0894361	1348.433433	398.1435253	99.90777665	2.785819632	1975.746054	4552.039161	48.46666667	14.29833333	4552.039161	1760.399663	2332.83549	458.8040081	329.8777333	101.1497667	424.0412333	1498.009533	376.5513333	150.6279333	54.7103	1954.8096	4889.777433	46.59	16.41133333	4979.010433	1978.5152	2378.850833	532.4114
JY094	91.00908363	22.84278023	141.9169353	511.2919118	249.0830632	38.50946086	0	876.4243872	1931.077622	48.287	14.04766667	1931.077622	640.8104563	1018.341322	271.9258434	87.7646	22.88153333	78.0126	856.0282333	232.6702	33.82273333	44.86273333	369.7566	1725.799233	49.81	13.92133333	1936.9445	977.6155667	447.7692	300.4144667
JY095	411.8894595	111.4456116	287.7320327	1712.092645	509.2716681	81.61428252	0.076200361	1623.351139	4737.473039	41.24933333	17.11233333	4737.473039	2205.596387	1911.083172	620.7934801	156.7563667	77.932	313.8637	892.2367333	345.8098667	131.4875	50.7812	1211.5266	3180.393967	45.40866667	17.49233333	3037.1517	1180.4806	1525.3903	474.5230667
JY096	129.4252827	26.4357286	134.695548	677.2779903	223.1711083	38.30907391	0	909.0790565	2138.393788	46.76066667	13.789	2138.393788	845.0123469	1043.774605	249.6068369	256.2957667	99.3556	446.6147667	1524.148433	427.4905667	162.3502667	46.26943333	1732.055833	4694.580667	43.93633333	15.82433333	4448.1338	1942.794467	2178.6706	573.1156
JY097	34.77551228	26.04568753	84.86954963	248.5341211	223.5558937	17.7929259	0	556.1107343	1191.684424	46.02633333	16.847	1191.684424	301.1025593	640.9802839	249.6015812	158.4161	61.39173333	235.0412	1265.537667	392.1332667	88.63383333	34.68873333	1252.2303	3488.072833	48.64433333	15.935	3266.092433	1512.5876	1487.2715	488.2137333
JY098	732.3262464	85.08468654	532.5537587	2925.234062	539.4618545	140.0918806	10.30771559	2639.841738	7604.901943	41.74733333	17.33966667	7604.901943	3797.652189	3172.395497	634.8542566	323.7690667	94.74103333	453.7723	1529.4957	399.022	176.0194	54.52796667	1843.3467	4874.694167	42.52066667	17.73066667	4832.904267	2029.284167	2297.119	548.291
JY099	103.2123634	45.61908292	102.7618974	467.4996636	292.0752081	15.36916983	0	530.2768386	1556.814224	43.38566667	20.17566667	1556.814224	586.0811969	633.038736	337.6942911	98.3541	57.15996667	243.401	588.2757333	305.8808	131.8447667	40.53993333	720.0345667	2185.490867	45.77433333	19.12633333	2022.8916	818.4746	963.4355667	403.5807
JY100	91.81091779	30.91013772	92.77333835	416.964979	248.2248551	20.20752072	0	603.1707977	1504.062546	42.04233333	18.96066667	1504.062546	528.9834175	695.944136	279.1349928	50.12636667	59.2954	206.7935333	591.7975667	193.6856333	109.4689	40.88206667	901.4770667	2153.526533	43.28366667	20.13866667	1811.9328	751.3928333	1108.2706	293.8631
JY101	100.179093	43.47000707	101.8071074	549.6367608	294.9095661	19.04703196	0	592.730494	1701.78006	40.89933333	18.327	1701.78006	668.8628858	694.5376014	338.3795732	264.4986	98.90966667	398.0895	1311.182867	355.5989333	155.5362333	52.42456667	1586.368467	4222.608833	41.82266667	18.589	4221.0768	1731.2177	1984.457967	506.9331667
JY102	249.9831958	66.311892	203.5124399	1053.149806	320.0828403	47.90709103	0	1064.361236	3005.308502	48.07533333	13.475	3005.308502	1351.040093	1267.873676	386.3947323	252.2991333	96.82506667	392.9397333	1177.6913	344.6046333	151.2182333	47.74626667	1570.030867	4033.355233	47.817	14.69033333	3714.4769	1581.208667	1962.9706	489.1759667
JY103	464.7297312	91.86964739	694.434984	1752.935037	414.3347778	169.6911523	17.36087134	3103.406433	6708.762634	47.01066667	14.70033333	6708.762634	2387.355921	3797.841417	523.5652965	207.9652667	70.7959	283.7306667	1262.629733	271.7155667	125.1762	43.64073333	1463.172767	3728.826833	49.969	14.633	3921.7617	1595.7712	1746.903433	386.1522
JY104	451.6300361	61.21942005	410.1938345	1836.471317	337.2283893	103.7267797	2.027845216	2019.573358	5222.07098	46.26066667	13.957	5222.07098	2391.828133	2429.767193	400.4756546	406.3438	116.6013667	559.372	1837.4034	468.5537	186.8542	61.5823	2388.8408	6025.551567	46.81433333	14.37333333	6280.4339	2430.6014	2948.2128	646.7373667
JY105	149.4334755	112.4834861	269.8907353	647.1173622	468.8035345	70.51735402	0	1484.494883	3202.740831	43.63366667	15.80933333	3202.740831	867.0681918	1754.385619	581.2870206	123.9923	112.7188	364.9803333	625.1432333	343.6908	110.0553667	54.9903	1408.993733	3144.564867	44.968	16.40533333	3584.3317	859.1909	1773.974067	511.3999
JY106	130.3108522	17.80345752	128.944273	728.077377	223.3766504	39.01837879	0	874.3509218	2141.881911	47.73033333	15.10133333	2141.881911	897.406608	1003.295195	241.180108	202.7485667	61.96546667	214.7175	1285.571933	295.6261667	92.45103333	34.9981	1075.256267	3263.335033	48.54466667	15.306	3319.6387	1580.771533	1289.973767	392.5897333
JY107	398.3881872	85.88248794	256.1904065	1696.385489	479.3434756	73.02911409	0	1456.759702	4445.978862	42.72366667	16.899	4445.978862	2167.80279	1712.950108	565.2259635	301.4176	108.7928333	477.1944	1526.145767	442.4775667	169.1297667	51.11873333	2010.371267	5086.647933	43.125	17.13166667	4996.542667	1996.693133	2487.565667	602.3891333
JY108	316.1755423	58.23068482	375.352596	1259.390317	325.3442337	97.0195526	0.655220514	1928.614936	4360.783083	48.626	15.161	4360.783083	1672.585412	2303.967532	384.230139	238.2626	62.74406667	304.2484333	1212.442067	293.2972	103.9562	40.8585	1321.489167	3577.298233	48.30166667	15.67933333	3678.346033	1554.660867	1625.7376	396.8997667
JY109	34.27008937	21.4908112	79.88454724	277.888683	217.6236118	13.06387848	0.235409661	550.3360423	1194.793073	50.65666667	14.29166667	1194.793073	325.2226509	630.2205895	239.3498326	98.18553333	64.08036667	159.4153	845.8169667	283.0996	60.52846667	36.7915	879.5396333	2427.457367	50.88533333	14.773	2197.688933	1004.530967	1038.954933	383.9714667
JY110	206.9370011	86.52945643	363.3087539	992.9172018	496.8549068	100.2957242	0	1980.295348	4227.138392	43.902	18.33066667	4227.138392	1300.149927	2343.604102	583.3843632	358.3406	96.12003333	496.6962333	1525.357333	388.2198667	158.2345	53.43066667	2085.4284	5161.827633	45.39133333	18.253	5569.659533	2041.932433	2582.124633	537.7705667
JY111	132.8584703	35.43783804	153.5338108	534.2368916	281.467835	34.66559385	0	861.0674878	2033.267928	45.228	18.153	2033.267928	701.7609558	1014.601299	316.9056731	251.0331333	78.4615	364.3925333	1304.477633	323.5951667	142.9173	41.89646667	1490.6828	3997.456533	46.49266667	17.52233333	4036.993167	1698.428067	1855.075333	443.9531333
JY112	359.7869528	81.51933177	226.8505006	1372.48737	364.3608208	52.75598836	0	1140.424792	3598.185757	50.996	13.546	3598.185757	1785.030312	1367.275293	445.8801525	459.3887667	116.9512667	577.6052667	2063.5709	528.1173333	158.0219667	43.5904	2636.070633	6583.316533	48.69933333	14.39266667	6948.880833	2680.981633	3213.6759	688.659
JY113	202.6633447	62.02619756	263.5455872	1188.978508	524.1269709	87.75486904	0.91194625	1857.758465	4187.765889	41.19833333	18.70033333	4187.765889	1479.396722	2121.304052	587.0651147	109.5690333	65.03546667	243.9719	465.6321333	318.2313333	107.0364667	47.5414	904.1100333	2261.127767	42.186	21.01833333	2330.376933	682.2376333	1148.081933	430.8082
JY114	89.62971337	36.97221063	151.8803362	602.7564203	320.2540891	50.59128322	0	1154.811042	2406.895094	48.51333333	14.479	2406.895094	742.9774169	1306.691378	357.2262997	257.6115667	70.77366667	250.5083667	1222.3416	342.6212667	102.2550333	35.706	1062.239033	3344.056533	46.86166667	16.522	3268.201167	1582.2082	1312.7474	449.1009333
JY115	117.1384143	31.07288338	110.5540735	696.707404	264.0192673	28.08233291	0	744.0866438	1991.661019	45.649	16.12733333	1991.661019	841.9281512	854.6407173	295.0921507	161.9141333	68.14836667	246.0021667	855.9501667	316.9972	107.9166	46.53816667	1042.329033	2845.795833	48.04066667	16.22966667	2826.899067	1125.7809	1288.3312	431.6837333
JY116	229.8305816	47.53188265	226.8729193	1183.861799	376.9465567	65.27674491	0	1356.296918	3486.617402	50.65433333	13.44066667	3486.617402	1478.969126	1583.169838	424.4784393	311.5718333	70.769	309.2935333	1548.7027	339.7752667	99.9419	45.42826667	1851.445333	4576.927833	50.70533333	14.481	4477.701167	1960.216433	2160.738867	455.9725333
JY117	95.31144537	16.39828873	86.62553021	706.3020773	230.8042508	28.24438036	0	741.7422285	1905.428201	48.846	13.79333333	1905.428201	829.857903	828.3677587	247.2025395	216.6741333	72.6021	256.8224333	1342.631	299.269	114.6133667	37.75846667	1281.2127	3621.5832	49.81133333	13.437	3588.037767	1673.9185	1538.035133	409.6295667
JY118	94.3872622	29.31782091	275.6386575	554.7262282	210.0222367	75.78560235	0	1546.172522	2786.05033	50.11033333	13.57833333	2786.05033	724.8990927	1821.81118	239.3400576	227.0176667	90.64766667	350.9627333	1254.938333	323.9706333	130.055	39.23016667	1551.201	3968.0232	49.96	13.41766667	3828.253933	1612.011	1902.163733	453.8484667
JY119	99.44297035	44.49394135	82.05432876	750.949288	305.351499	21.77213397	0	652.2199689	1956.28413	48.04633333	14.207	1956.28413	872.1643923	734.2742976	349.8454403	126.1279	76.29063333	297.5837667	701.0334333	312.6898	122.9572333	46.66633333	1108.328867	2791.677967	47.76666667	16.288	2761.392567	950.1185667	1405.912633	435.6467667
JY120	197.1942364	75.41515625	150.0395637	1040.914299	553.4576027	40.44069206	0	946.2010546	3003.662604	50.46833333	13.055	3003.662604	1278.549227	1096.240618	628.8727589	286.4004	65.59693333	237.8886	1497.176667	409.0394667	38.97946667	34.86146667	1599.8139	4169.7569	51.702	13.863	3817.642233	1822.556533	1837.7025	509.4978667
JY121	49.10702592	11.36147912	120.4649615	399.1131453	197.5191214	36.03552878	0	894.5714565	1708.172719	52.345	14.918	1708.172719	484.2557	1015.036418	208.8806006	208.3899	31.60256667	206.5091667	1123.2802	251.0928333	82.70476667	42.94323333	1154.9086	3101.431267	52.72833333	15.78866667	3351.5869	1414.374867	1361.417767	325.6386333
JY122	90.83316426	54.8570487	399.0004961	652.9939919	436.0484402	137.2598173	26.76815177	2563.167992	4360.929103	NA	NA	4360.929103	881.0869735	2962.168488	517.6736407	196.2777333	98.7049	335.6963	1161.487367	337.7077333	136.3253667	44.6063	1481.715567	3792.521267	44.721	17.01633333	3727.723	1494.090467	1817.411867	481.0189333
JY123	576.2167817	94.81844217	434.8049829	2700.499924	686.8052868	134.1523205	12.0196949	2550.435669	7189.753102	44.26366667	14.72966667	7189.753102	3410.869026	2985.240652	793.6434239	370.3365333	121.9769333	516.6285333	1770.123067	369.1327333	166.3351333	53.30116667	2336.7093	5704.5434	44.46733333	15.958	5862.822933	2306.794733	2853.337833	544.4108333
JY124	328.2474631	33.14889836	233.0150126	1782.125951	315.4695532	75.49946775	0	1562.007489	4329.513835	42.87033333	16.36866667	4329.513835	2185.872882	1795.022502	348.6184516	266.0187333	97.14413333	441.9930333	1545.303133	321.3045	161.8125333	46.4212	1841.614433	4721.6117	44.931	16.401	4603.881833	1973.1344	2283.607467	464.8698333
JY125	317.2368963	88.04793828	230.0421154	1617.389348	576.7802385	73.97845639	0	1551.572972	4455.047965	45.074	15.82233333	4455.047965	2008.604701	1781.615088	664.8281767	168.474	115.3834	378.6476333	849.5419	485.5721333	100.0335333	56.89206667	1557.191667	3711.736333	50.69633333	14.03266667	3978.409167	1118.049433	1935.8393	657.8476
JY126	77.39161609	13.48455652	112.4271191	500.4496334	210.2177416	41.4752744	0	840.3685145	1795.814456	47.18566667	16.435	1795.814456	619.3165239	952.7956336	223.7022981	205.8618333	59.77266667	213.3357	1264.3161	313.7296	79.79553333	29.48113333	1249.4697	3415.762267	50.24633333	15.06633333	3569.726567	1549.973467	1462.8054	402.9834
JY127	370.9626825	69.01805402	230.9143179	1732.180267	438.6296391	72.54131437	2.428383146	1538.450233	4455.124891	46.928	15.661	4455.124891	2175.684263	1769.364551	510.0760763	202.5804	51.43626667	192.5361333	1219.562167	252.5231667	89.36843333	33.9633	965.2212	3007.191067	47.86533333	15.352	3044.030933	1511.511	1157.757333	337.9227333
JY128	162.5190068	51.88252215	122.1587879	958.4810774	412.7307093	35.28072419	0	884.8524461	2627.905274	48.71666667	15.38033333	2627.905274	1156.280808	1007.011234	464.6132314	120.8592667	63.93643333	134.3857667	1095.8969	330.7139667	24.25133333	20.07013333	849.9847	2640.0985	50.06666667	13.89733333	2198.900033	1241.0075	984.3704667	414.7205333
JY129	25.32160472	20.62226918	47.57075593	255.8562315	251.0502548	2.667116557	0.18973234	314.3307946	917.6087596	49.12366667	15.20366667	917.6087596	283.8449528	361.9015505	271.8622563	75.15626667	49.77046667	143.0398333	835.3384	348.9159333	49.0997	31.17766667	926.9575333	2459.4558	52.975	14.26433333	2015.573567	959.5943667	1069.997367	429.8640667
JY130	152.1221013	44.1009194	298.5005655	862.6598919	368.9705893	88.31179326	0	1781.129167	3595.795028	49.77066667	15.613	3595.795028	1103.093786	2079.629733	413.0715087	305.4367	91.50498333	414.672	1507.47245	385.4709333	133.9704667	37.831	1961.939817	4838.29835	49.28933333	16.51466667	4928.279783	1946.879617	2376.611817	514.8069167
JY131	49.25118806	41.07419334	69.37933645	401.4317671	422.6648096	8.419307192	0	459.5304259	1451.751028	45.538	18.23933333	1451.751028	459.1022624	528.9097623	463.7390029	106.2177667	66.8015	212.7305333	716.8370667	370.6541	97.3224	42.4681	872.6073333	2485.6388	51.65966667	16.392	2572.661133	920.3772333	1085.337867	479.9237
JY132	156.1971831	46.79965829	150.7770694	839.1069441	271.8942465	39.63308708	0	996.1989147	2500.607103	48.45466667	14.997	2500.607103	1034.937214	1146.975984	318.6939048	150.1900333	107.0326333	327.7662333	999.2184667	351.1886333	119.3122333	35.81573333	1336.336167	3426.860133	50.11466667	14.13266667	3511.485033	1268.720733	1664.1024	494.037
JY133	195.6453743	38.65619429	216.6802055	1261.660184	374.6886428	74.83860318	0	1565.605464	3727.774668	46.60233333	13.53033333	3727.774668	1532.144162	1782.285669	413.3448371	323.6528667	91.43206667	457.8356	1807.4707	362.2682333	154.6039	40.3409	2131.5604	5369.164667	45.45133333	16.34766667	5149.8304	2285.727467	2589.396	494.0412
JY134	34.9251938	45.35055099	89.07568749	265.290701	386.1246566	10.43922965	4.173426155	468.5781756	1303.957621	41.96	20.154	1303.957621	310.6551245	557.6538631	435.6486337	180.1083333	61.13073333	230.0008	1069.834167	350.8971	81.48126667	24.4363	1148.018867	3145.907567	45.209	17.64166667	2515.376667	1331.423767	1378.019667	436.4641333
JY135	306.9463714	79.25387455	309.934251	1446.629307	413.805556	75.43093799	0	1602.859	4234.859298	48.28066667	14.00333333	4234.859298	1829.006616	1912.793251	493.0594305	241.4203333	77.58423333	433.4899	1526.7728	304.1637667	158.5684667	29.66563333	1994.9305	4766.595633	45.21866667	17.8	4745.221367	1926.7616	2428.4204	411.4136333
JY136	66.58810369	24.79518036	112.8252976	569.1655376	220.5925774	40.78514773	0	974.085915	2008.837759	45.065	17.68566667	2008.837759	676.538789	1086.911213	245.3877578	360.9605333	82.9813	458.0356333	1958.969467	351.6623	167.2666	33.06656667	2313.998733	5726.941133	43.995	18.06666667	5798.6377	2487.1966	2772.034367	467.7101667
JY137	210.0131366	58.21364606	219.9578954	1120.779355	343.7589613	59.36090757	0	1316.328594	3328.412496	49.77466667	13.60866667	3328.412496	1390.153399	1536.286489	401.9726074	212.3540333	72.08116667	302.6798333	1453.5906	292.8331333	127.6791667	21.5517	1435.854	3918.623633	48.98266667	14.60566667	3887.8249	1793.6238	1738.533833	386.466
JY138	12.59233566	17.76984317	74.45198779	188.362119	199.1331075	15.40693357	0	560.2140933	1067.93042	50.03933333	14.131	1067.93042	216.3613883	634.6660811	216.9029507	32.6443	39.47913333	68.00026667	651.7065	217.4471	62.55886667	26.28606667	317.0825333	1415.204767	50.371	14.13633333	1397.862633	746.9096667	385.0828	283.2123
JY139	492.5747689	73.25104138	490.5511977	2295.96383	410.9636931	122.5166271	3.85569492	2414.528497	6304.205351	43.009	16.07166667	6304.205351	2911.055227	2905.079695	488.0704294	242.2341667	99.40726667	348.8925333	1704.728233	401.9757333	145.4597	25.2652	1379.3781	4347.340933	43.12	16.47566667	4045.367867	2092.4221	1728.270633	526.6482
JY140	22.093714	23.17250661	68.98610349	220.7698203	228.4685101	15.98737626	0	517.6453233	1097.123354	47.22533333	16.756	1097.123354	258.8509106	586.6314268	251.6410167	156.6799	66.2602	268.6993	1136.781833	282.4796333	118.8232333	35.0117	1477.959633	3542.695433	51.10933333	15.32233333	3286.315767	1412.284967	1746.658933	383.7515333
JY141	27.97501477	24.19696358	30.81754937	215.0061144	230.6615459	11.53783013	0	190.5853911	730.7804092	43.53366667	18.41233333	730.7804092	254.5189593	221.4029405	254.8585095	75.1418	42.6955	120.9299667	703.1756	262.4548333	79.50726667	18.2757	561.4418	1863.622467	46.5	18.901	1520.290533	857.8246667	682.3717667	323.4260333
JY142	66.52968182	14.37530198	193.2234675	521.3271204	199.1134648	75.36074515	0	1519.881803	2589.811584	47.94633333	15.40033333	2589.811584	663.2175474	1713.10527	213.4887668	114.5804	53.62113333	176.4219	981.3664667	273.2714333	72.9598	22.42216667	853.3965	2548.0398	49.82666667	15.11233333	2337.525233	1168.906667	1029.8184	349.3147333
JY143	165.9182604	78.99973649	289.4468437	927.8915807	384.9094133	19.91854027	0	1861.019081	3728.103456	40.18066667	18.88566667	3728.103456	1113.728381	2150.465924	463.9091498	188.8208667	96.45566667	397.6955333	1213.3715	468.7803333	161.6808	42.86506667	1561.220367	4130.890133	42.99933333	19.284	4136.429667	1563.873167	1958.9159	608.1010667
JY144	180.0633611	63.87640166	169.2372164	1012.792016	399.86997	45.64333457	0	1118.126189	2989.608489	49.76066667	14.921	2989.608489	1238.498712	1287.363405	463.7463716	52.1663	38.15756667	12.0458	683.4049333	193.5201	27.98973333	23.90313333	422.6400333	1453.8276	49.95066667	16.02666667	1540.6229	763.5609667	434.6858333	255.5808
JY145	106.6644045	19.44004653	134.8615212	768.8523962	261.8601611	6.128920852	0	1153.668688	2451.476139	42.56833333	16.10033333	2451.476139	881.6457216	1288.530209	281.3002076	264.0097	79.69063333	346.2189667	1557.637033	390.8041333	130.8209667	26.30866667	1447.433267	4242.923367	43.99966667	17.467	4176.2012	1952.4677	1793.652233	496.8034333
JY146	105.0070207	42.3818019	212.1701813	681.5882551	284.1628276	9.594074495	0	1282.975535	2617.879696	45.724	16.78566667	2617.879696	796.1893503	1495.145716	326.5446295	152.0053667	69.52336667	282.1482	1039.415533	306.1411333	112.6675	27.01853333	1259.6329	3248.552533	49.63133333	15.32666667	3316.556	1304.0884	1541.7811	402.6830333
JY147	30.88320537	12.30937164	45.82661239	365.6032195	209.0028033	0	0	476.2198293	1139.845041	49.92433333	14.844	1139.845041	396.4864248	522.0464417	221.3121749	203.228	19.14306667	173.4385333	1352.023933	262.1730333	73.82416667	25.2501	1107.217133	3216.297967	48.493	17.062	3506.0462	1629.0761	1280.655667	306.5662
JY148	75.59094213	22.33691047	112.6119342	555.1089688	252.1726497	4.150480429	0	811.9396591	1833.911545	48.204	14.52866667	1833.911545	634.8503914	924.5515933	274.5095602	150.6621333	48.6223	207.8926	1183.786367	252.7519333	100.3374	21.53806667	1024.5559	2990.1467	49.76833333	15.18066667	2753.014967	1434.7859	1232.4485	322.9123
JY149	157.3591386	47.40922108	178.0642002	846.2366658	335.4330681	5.220018308	0	1137.145027	2706.867339	48.99866667	14.36766667	2706.867339	1008.815823	1315.209227	382.8422892	193.9241	72.17786667	305.3390333	1052.323833	285.249	122.3530667	28.2361	1271.341	3330.944	50.30133333	14.61066667	3413.377933	1368.601	1576.680033	385.6629667
JY150	54.30112872	20.33117334	74.62368114	437.3142422	254.0232901	3.938445226	0	630.452677	1474.984638	42.25533333	18.80933333	1474.984638	495.5538162	705.0763581	274.3544635	82.19463333	42.28	147.0958	888.0656667	240.3062667	78.672	11.34486667	928.0623667	2418.0216	43.97833333	20.153	2118.386233	1048.9323	1075.158167	293.9311333
JY151	204.2901566	45.88977273	151.9862624	1154.580284	329.222509	15.92747688	0	1026.053737	2927.950199	42.724	16.76533333	2927.950199	1374.797918	1178.04	375.1122818	320.6955333	77.2498	335.4263333	1868.877167	355.9198	132.0195	17.42413333	1751.8926	4859.504867	45.17833333	16.87133333	4475.770533	2321.5922	2087.318933	450.5937333
JY152	112.3598462	52.04157029	226.7396662	729.0186621	471.238779	18.9985822	0	1520.56995	3130.967056	45.93466667	15.98566667	3130.967056	860.3770905	1747.309616	523.2803493	262.8723667	92.7743	367.8163667	1408.8811	465.5389667	120.7822667	22.70233333	1719.888333	4461.256033	43.881	18.03266667	4400.907567	1792.535733	2087.7047	581.0156
JY153	36.22341692	10.71829324	121.3040499	309.7740804	176.8876332	33.58645468	0	836.5502736	1525.044202	47.796	14.06733333	1525.044202	379.583952	957.8543236	187.6059265	253.4995	52.45456667	268.7432667	1394.1032	232.9711667	115.3774333	23.27656667	1385.225233	3725.650933	48.36166667	15.211	4063.8112	1762.980133	1653.9685	308.7023
JY154	71.07046612	29.83309378	152.9839782	582.9209122	252.4262594	50.17344121	0	1123.832403	2263.240554	54.175	12.06466667	2263.240554	704.1648195	1276.816382	282.2593532	9.0965	58.71946667	101.7613667	756.6411	357.0803	27.9596	7.440133333	642.1347	1960.833167	56.94633333	9.744266667	1782.0446	793.6972	743.8960667	423.2399
JY155	298.6388366	54.50547364	382.9876847	1594.372806	362.4277035	122.2366241	4.2603922	2289.240574	5108.670095	42.472	17.524	5108.670095	2015.248267	2672.228259	421.1935693	146.7765667	92.37543333	367.8698	1058.1984	321.7671	132.4469333	25.32543333	1545.2417	3690.001367	45.28	16.43766667	3613.3125	1337.4219	1913.1115	439.4679667
JY156	440.6944344	72.26416005	393.7167055	2076.723767	563.0435866	114.3914775	3.466159191	2154.085096	5818.385386	48.33733333	14.30166667	5818.385386	2631.809679	2547.801801	638.7739058	241.5804	77.02076667	309.6609667	1366.6058	422.2388333	123.2117	16.1145	1424.4188	3980.851767	48.12833333	15.32933333	3628.4209	1731.3979	1734.079767	515.3741
JY157	273.5010837	38.69689892	343.306505	1606.907603	340.2541017	113.4165048	4.380407398	2215.688142	4936.151246	40.417	19.884	4936.151246	1993.825191	2558.994647	383.3314081	270.3014667	52.31943333	303.8958	1656.154133	319.4706	88.799	23.2462	1988.140433	4702.327067	44.17133333	17.98333333	4505.047833	2015.2546	2292.036233	395.0362333
JY158	389.0149632	70.03401714	291.8077661	1678.756244	333.9937759	64.807727	0	1362.604154	4191.018648	49.231	10.714	4191.018648	2132.578934	1654.411921	404.027793	319.6135	99.70783333	420.1871	1693.9809	381.4079	132.8149667	18.78716667	1794.053533	4860.5529	46.67633333	14.21866667	4584.813467	2146.409367	2214.240633	499.9029
JY159	567.2154239	60.88736128	393.741617	3022.487684	552.2954884	135.6196264	10.73522166	2531.090933	7274.073356	41.06133333	17.28666667	7274.073356	3725.322735	2924.83255	623.9180714	345.0503333	72.27813333	403.7207333	1895.1845	350.7057	132.3552333	11.7001	1615.630133	4826.624867	42.509	18.01066667	4473.5524	2372.590067	2019.350867	434.6839333
JY160	39.34094913	30.69037525	93.5675044	318.302621	240.6438348	23.59286331	8.002403452	656.3265398	1410.467091	48.15633333	15.29366667	1410.467091	381.2364334	749.8940442	279.3366135	200.5983	11.0419	40.51203333	1154.723067	329.1518	7.570033333	0.967033333	59.4646	1804.028767	45.56233333	17.42466667	1596.500667	1362.8914	99.97663333	341.1607333
JY161	174.8967935	64.58387949	348.1066134	914.3786772	360.3394108	85.40748558	0	1784.577307	3732.290167	45.13966667	16.644	3732.290167	1174.682956	2132.683921	424.9232903	212.7672667	72.7486	355.5890667	1260.618733	383.4907333	128.6937333	14.94453333	1465.0206	3893.873267	46.51833333	16.54366667	3859.472333	1602.079733	1820.609667	471.1838667
JY162	62.10372397	20.7798417	73.59355389	495.9804397	238.1772687	17.87315736	0	571.0176778	1479.525663	51.27266667	13.84466667	1479.525663	575.9573211	644.6112317	258.9571104	183.6092667	61.4351	285.8703	1180.8786	334.9200333	111.1345333	6.302933333	1135.292067	3299.442833	46.30566667	16.77766667	3138.8073	1475.6224	1421.162367	402.6580667
JY163	140.3861862	36.30836515	179.8494024	845.7012821	324.731349	56.43619823	0	1277.446637	2860.85942	48.00966667	15.47366667	2860.85942	1042.523667	1457.29604	361.0397142	112.1033	55.90926667	152.2671333	1021.004733	394.5378667	51.3338	5.1359	888.0031	2680.2951	50.038	14.72066667	2377.271	1184.441833	1040.270233	455.5830333
JY164	252.2769106	35.45687528	275.199068	1362.332391	337.7088131	85.06178643	1.537390069	1761.508959	4111.082194	45.595	15.569	4111.082194	1699.671088	2036.708027	374.7030785	319.1070333	94.05133333	434.2312667	1643.866767	384.2815	143.2961	22.9661	2032.9424	5074.7425	44.36766667	16.66333333	5159.0469	2106.2699	2467.173667	501.2989333
JY165	264.2945035	67.42232488	440.9132806	1486.581043	467.9779906	121.4822028	5.361064074	2391.66271	5245.695119	41.89333333	17.62433333	5245.695119	1872.357749	2832.57599	540.7613795	281.8927	84.55426667	449.7536	1628.108067	475.9885667	143.9106667	21.55333333	1923.676567	5009.437767	43.286	18.092	5249.293967	2053.911433	2373.430167	582.0961667
JY166	124.6147393	36.97113255	196.3267197	886.8547755	381.1543712	59.74604364	0	1278.03767	2963.705452	48.869	13.088	2963.705452	1071.215558	1474.36439	418.1255038	NA	NA	NA	NA	NA	NA	NA	NA	NA	NA	NA	NA	NA	NA	NA
JY167	73.19856378	18.58672161	157.1310471	540.1814236	193.3387817	56.64423723	0	1213.522032	2252.602807	48.399	13.858	2252.602807	670.0242246	1370.653079	211.9255033	140.0342333	76.45066667	189.1995	1062.9423	364.628	44.0865	17.93736667	1164.611467	3059.890033	48.36066667	14.47133333	3067.089167	1247.063033	1353.810967	459.0160333
JY168	140.8920795	37.96896696	189.3507361	976.1739746	242.2929447	64.67153254	0	1345.946345	2997.29658	54.23966667	11.10266667	2997.29658	1181.737587	1535.297081	280.2619116	NA	NA	NA	NA	NA	NA	NA	NA	NA	NA	NA	NA	NA	NA	NA
JY169	231.5484862	37.2072035	199.0145844	1324.822497	315.4330576	62.16265559	0	1339.73311	3509.921594	44.819	16.53166667	3509.921594	1618.533639	1538.747694	352.6402611	177.7982	57.2132	240.8681	928.3596667	285.3385333	97.182	15.76493333	1205.843167	3008.3678	47.316	17.405	3161.0941	1203.339867	1446.711267	358.3166667
JY170	71.27061805	19.34042855	140.7232101	523.2282746	232.8254579	44.19221038	0	977.9946204	2009.57482	47.995	15.84466667	2009.57482	638.691103	1118.71783	252.1658864	118.1833333	28.03493333	83.3259	903.9233333	226.3919	1.2709	18.4286	917.3671	2296.926	47.89866667	16.13733333	2532.8903	1023.377567	1000.693	272.8554333
JY171	234.8604261	51.43222838	403.8176823	1362.793206	462.0497822	116.0009601	2.62673452	2290.829631	4924.410651	45.024	15.05566667	4924.410651	1713.654592	2694.647314	516.1087451	437.9853333	109.0072333	558.5968	1985.628333	477.6467	133.2798333	18.90566667	2572.2435	6293.2934	44.073	15.69766667	6307.563167	2556.8935	3130.8403	605.5596
JY172	116.6531117	32.61368656	224.5625347	754.0822081	284.8989745	78.53343788	0	1640.942084	3132.286037	50.15833333	12.73566667	3132.286037	949.2687577	1865.504618	317.512661	243.1315667	110.4209333	508.4067333	1167.378733	480.8001333	151.3270333	30.08296667	2194.215467	4885.763567	49.764	14.261	5418.944333	1561.837333	2702.6222	621.3040333
JY173	265.2194573	41.23100703	260.8435491	1489.438938	285.0064508	81.91622945	0	1666.926628	4090.58226	41.193	18.39366667	4090.58226	1836.574625	1927.770178	326.2374578	259.2581333	72.7395	368.8177	1310.417	389.0719667	101.8477667	24.644	1784.603767	4311.399833	44.03833333	19.17433333	4535.015633	1671.5229	2153.421467	486.4554667
JY174	157.4818669	24.35104649	163.9462176	1018.060436	227.8324839	51.97588732	0	1230.059609	2873.707547	49.28666667	13.25833333	2873.707547	1227.51819	1394.005826	252.1835304	378.6687667	99.521	411.8715	1882.579233	452.3897	125.9795	18.6002	2147.822267	5517.432167	45.64366667	15.619	5848.610033	2387.2275	2559.693767	570.5109
JY175	415.5337891	64.43924149	508.6634582	1967.710325	455.1470372	130.2234343	9.876169241	2564.481226	6116.074681	48.72633333	13.30533333	6116.074681	2513.467549	3073.144684	529.462448	418.4456	102.9159	443.3918667	1851.6599	521.3332333	110.8944	27.63303333	2533.381	6009.654933	50.46433333	14.031	6579.030267	2380.9999	2976.772867	651.8821667
JY176	488.6992796	106.3314137	479.6464987	2113.140728	529.81807	115.3344492	6.268995328	2284.488055	6123.727489	48.059	12.34166667	6123.727489	2717.174456	2764.134553	642.418479	236.0337333	97.646	414.8477333	1330.895833	422.7121667	119.5087	24.5202	1732.547667	4378.712033	50.97366667	11.67466667	4394.761067	1686.438267	2147.3954	544.8783667
JY177	43.87598978	9.47269314	68.22196929	406.1100776	169.8610549	18.24174134	0	577.5124485	1293.295975	53.245	11.284	1293.295975	468.2278087	645.7344178	179.3337481	202.4207333	54.33076667	266.5150667	1219.176833	313.3335667	97.13486667	17.40626667	1431.9051	3602.2232	54.11333333	12.44533333	3580.862	1518.732433	1698.420167	385.0706
JY178	180.3374443	38.34840856	193.2639081	1107.019914	286.256169	57.52544642	0	1293.723851	3156.475142	46.351	14.45033333	3156.475142	1344.882804	1486.98776	324.6045776	386.6621333	94.1349	446.7467667	1906.649	429.9481	138.9523667	19.94556667	2080.532233	5503.571067	43.288	17.351	5580.851567	2432.2635	2527.279	544.0285667
JY179	418.9380122	78.69726316	519.4719396	1790.466658	457.5378075	132.727161	11.7198014	2605.203665	6014.762308	39.75933333	18.67733333	6014.762308	2342.131832	3124.675604	547.954872	447.4097333	103.6988667	496.2850667	2083.4759	578.5349	118.3836667	29.53866667	2855.561033	6712.887833	41.57133333	19.24133333	6818.254867	2649.2693	3351.8461	711.7724333
JY180	348.3457699	79.27346837	394.4355168	1754.669764	536.1967757	122.0093494	13.52924034	2364.838596	5613.298481	41.89666667	18.15333333	5613.298481	2225.024884	2759.274113	628.9994845	484.8946	97.66353333	472.8924	2171.4994	502.4751	106.1589333	29.3348	2688.169233	6553.088	42.04566667	18.08433333	6816.262367	2762.552933	3161.061633	629.4734333
JY181	184.4164672	45.14920097	171.1043594	1096.584841	398.1834148	52.11444265	0	1220.421867	3167.974593	44.49233333	18.36833333	3167.974593	1333.115751	1391.526227	443.3326157	410.7789667	89.3701	484.2834	1880.0327	476.7134333	152.5798333	30.37376667	2426.4725	5950.6047	44.79733333	19.26766667	6297.421867	2443.3915	2910.7559	596.4573
JY182	238.0436295	48.48883348	130.4614147	1280.608216	458.6053382	32.15480927	0	854.5344259	3042.896667	44.14166667	16.81433333	3042.896667	1550.806654	984.9958405	507.0941716	391.6017667	66.77203333	302.0082667	1903.517333	422.1347	70.57683333	9.942566667	1948.854967	5115.408467	45.50833333	17.54366667	4984.489267	2365.695933	2250.863233	498.8493
JY183	139.1535038	43.21735857	211.475219	849.4080926	319.2589876	58.89720493	0	1305.667393	2927.07776	50.9	13.85566667	2927.07776	1047.458801	1517.142612	362.4763462	294.0473	46.0466	236.9688333	1637.021233	380.8694333	43.95036667	5.915933333	1550.2753	4195.095	50.65766667	14.46266667	4106.775733	1975.0189	1787.244133	432.8319667
JY184	415.6376253	74.48145649	321.3252426	2309.462557	526.1891936	99.01397615	0	2031.349503	5777.459554	47.655	13.00266667	5777.459554	2824.114158	2352.674746	600.6706501	483.6423	132.0359	657.316	2268.468833	696.0240333	161.8499667	21.71936667	2976.6771	7397.7335	49.78133333	12.748	7593.7308	2913.9611	3633.9931	849.7793
JY185	223.0946226	112.6890617	270.4188128	1377.530993	594.98206	75.46842976	0	1609.754123	4263.938103	50.54966667	9.6377	4263.938103	1676.094045	1880.172936	707.6711217	417.6993667	136.6828667	685.1913333	2095.332533	672.0384667	166.6533333	22.81803333	2963.0179	7159.433833	53.621	8.237266667	7257.7464	2679.685233	3648.209233	831.5393667
