Nr	Group	Position	Locus	LOD	X..Iter.	mu_A	mu_H	mu_B	Variance	X..Expl.	Additive	GIC	traits	number	selected	physical	phy_se
417	2	17.149	02_2149517-	3.12	1	50.1491	47.3346	44.52	89.3534	7.7	2.81455	0.931	Blue_2012	417	TRUE	2.149517	TRUE
494	2	77.387	02_7185126-02_8025039	2.77	1	50.1038	47.3701	44.6365	90.1608	6.8	2.73367	0.898	Blue_2012	494	TRUE	7.185126	TRUE
2557	7	201.73	07_20280812	2.13	1	49.7892	47.4891	45.189	91.6375	5.3	2.30009	1	Blue_2012	2557	TRUE	20.280812	TRUE
2575	7	215.565	07_31490409	2.34	1	49.7071	47.3158	44.9246	91.1625	5.8	2.39126	0.994	Blue_2012	2575	TRUE	31.490409	TRUE
2850	8	95.815	08_9054795	13.54	1	52.2366	46.8426	41.4486	68.4436	29.3	5.39399	1	Blue_2012	2850	TRUE	9.054795	TRUE
3297	9	103.718	09_8314206	2.46	1	49.995	47.5428	45.0906	90.8697	6.1	2.4522	1	Blue_2012	3297	TRUE	8.314206	TRUE
3317	9	115.685	09_13420254-09_15059933	2.35	1	49.9572	47.5425	45.1278	91.1285	5.8	2.41472	0.985	Blue_2012	3317	TRUE	13.420254	TRUE
3368	9	150.312	09_28487973-09_22111648	2.53	1	50.015	47.4969	44.9788	90.7081	6.3	2.51808	0.982	Blue_2012	3368	TRUE	28.487973	TRUE
3421	9	192.551	09_35873104-09_37357930	2.53	1	50.1791	47.5615	44.9439	90.717	6.3	2.6176	0.886	Blue_2012	3421	TRUE	35.873104	TRUE
5291	13	372.588	13_35326694	3.81	1	50.5683	47.5685	44.5688	87.7882	9.3	2.99971	1	Blue_2012	5291	TRUE	35.326694	TRUE
6195	15	281.838	15_48629463	2.43	1	49.7467	47.2304	44.7141	90.9447	6	2.51633	0.986	Blue_2012	6195	TRUE	48.629463	TRUE
7315	18	238.36	18_49928560	2.97	1	50.1629	47.5019	44.8409	89.7002	7.3	2.66098	1	Blue_2012	7315	TRUE	49.92856	TRUE
7703	19	155.757	19_37647577	2.45	1	49.9464	47.4882	45.03	90.9062	6.1	2.45818	1	Blue_2012	7703	TRUE	37.647577	TRUE
494	2	77.387	02_7185126-02_8025039	3.76	1	93.8366	86.0507	78.2647	532.163	9.2	7.78597	0.898	Green_2012	8774	TRUE	7.185126	TRUE
2746	8	16.58	08_1892288	3.21	1	93.0567	86.2364	79.4161	539.644	7.9	6.8203	1	Green_2012	11026	TRUE	1.892288	TRUE
2844	8	91.506	08_8285888-08_8508938	39.87	1	105.048	85.2773	65.5066	211.242	63.9	19.7707	0.984	Green_2012	11124	TRUE	8.285888	TRUE
2943	8	164.19	08_14312729-08_14391554	4.3	1	93.4809	85.4654	77.4499	524.824	10.4	8.0155	0.966	Green_2012	11223	TRUE	14.312729	TRUE
3228	9	51.252	09_3765291	2.68	1	92.7049	86.4594	80.2139	547.096	6.6	6.24549	0.995	Green_2012	11508	TRUE	3.765291	TRUE
3317	9	115.685	09_13420254-09_15059933	2.68	1	92.8653	86.5324	80.1996	546.988	6.6	6.33286	0.985	Green_2012	11597	TRUE	13.420254	TRUE
3366	9	149	09_28487819	2.65	1	92.9602	86.7162	80.4723	547.531	6.5	6.2439	0.993	Green_2012	11646	TRUE	28.487819	TRUE
3420	9	191.551	09_35873104-	2.21	1	92.5686	86.5294	80.4902	553.695	5.5	6.03918	0.883	Green_2012	11700	TRUE	35.873104	TRUE
5671	14	127.664	14_27341769	2.29	1	81.1634	86.9748	92.7861	552.582	5.7	-5.81135	1	Green_2012	13951	TRUE	27.341769	TRUE
5923	15	79.272	15_6671147-15_6883368	2.82	1	92.5257	85.9436	79.3615	545.122	7	6.58213	0.955	Green_2012	14203	TRUE	6.671147	TRUE
6195	15	281.838	15_48629463	2.51	1	92.0398	85.747	79.4542	549.367	6.2	6.29278	0.986	Green_2012	14475	TRUE	48.629463	TRUE
7315	18	238.36	18_49928560	2.03	1	91.8777	86.4259	80.9742	556.144	5.1	5.45176	1	Green_2012	15595	TRUE	49.92856	TRUE
7589	19	78.837	19_23087203-19_24686974	2.05	1	92.0699	86.5183	80.9667	555.979	5.1	5.55163	0.981	Green_2012	15869	TRUE	23.087203	TRUE
7669	19	132.897	19_35362631	2.15	1	92.3391	86.6902	81.0412	554.515	5.4	5.64894	0.992	Green_2012	15949	TRUE	35.362631	TRUE
335	1	252.439	01_52952506	2.39	1	122.123	116.64	111.157	465.218	5.9	5.48322	1	Red_2012	16895	TRUE	52.952506	TRUE
438	2	32.887	02_3621233	3.12	1	121.99	115.755	109.521	456.587	7.7	6.23463	0.985	Red_2012	16998	TRUE	3.621233	TRUE
1532	5	103.525	05_5233971	2.38	1	121.378	115.941	110.503	465.318	5.9	5.43776	1	Red_2012	18092	TRUE	5.233971	TRUE
1586	5	144.74	05_20092309-05_27809193	2.3	1	121.939	116.256	110.574	466.284	5.7	5.68246	0.874	Red_2012	18146	TRUE	20.092309	TRUE
2858	8	101.934	08_9318625-08_9501864	19.5	1	130.273	116.252	102.231	300.3	39.3	14.0209	0.991	Red_2012	19418	TRUE	9.318625	TRUE
6059	15	186.516	15_15243362	2.2	1	122.244	116.947	111.649	467.446	5.5	5.29742	1	Red_2012	22619	TRUE	15.243362	TRUE
7221	18	177.874	18_19644341	2.04	1	121.036	115.998	110.959	469.416	5.1	5.03845	0.989	Red_2012	23781	TRUE	19.644341	TRUE
7294	18	223.504	18_44884534	2.18	1	121.789	116.558	111.327	467.647	5.4	5.23084	0.994	Red_2012	23854	TRUE	44.884534	TRUE
7315	18	238.36	18_49928560	2.32	1	121.455	116.122	110.789	466.069	5.8	5.33319	1	Red_2012	23875	TRUE	49.92856	TRUE
7562	19	54.59	19_7836156	2.08	1	121.228	116.04	110.852	468.886	5.2	5.1883	0.991	Red_2012	24122	TRUE	7.836156	TRUE
7590	19	78.851	19_24686974	2.5	1	121.837	116.218	110.599	463.863	6.2	5.619	0.982	Red_2012	24150	TRUE	24.686974	TRUE
7669	19	132.897	19_35362631	2.45	1	121.908	116.381	110.854	464.498	6.1	5.52714	0.992	Red_2012	24229	TRUE	35.362631	TRUE
19	1	11.017	01_935824	2.11	1	11.4329	9.96991	8.50696	36.5642	5.5	1.46295	1	Seed_per_pod_3_2013	24859	TRUE	0.935824	TRUE
1151	4	59.742	04_8619534-04_8546320	2.56	1	11.3393	9.67512	8.0109	36.1285	6.6	1.66422	0.948	Seed_per_pod_3_2013	25991	TRUE	8.619534	TRUE
4186	11	144.532	11_28493623	4.12	1	12.0953	10.0462	7.99699	34.657	10.4	2.04917	1	Seed_per_pod_3_2013	29026	TRUE	28.493623	TRUE
4263	11	204.929	11_15037575	3.83	1	12.0295	10.0595	8.08939	34.929	9.7	1.97007	1	Seed_per_pod_3_2013	29103	TRUE	15.037575	TRUE
5054	13	196.145	13_23924406	4.91	1	12.2415	10.0274	7.81343	33.9396	12.3	2.21402	0.989	Seed_per_pod_3_2013	29894	TRUE	23.924406	TRUE
7589	19	78.837	19_23087203-19_24686974	5.51	1	12.1971	9.86315	7.52921	33.4045	13.6	2.33394	0.981	Seed_per_pod_3_2013	32429	TRUE	23.087203	TRUE
7609	19	91.667	19_5031288	5.86	1	12.2212	9.83685	7.45248	33.0928	14.4	2.38437	1	Seed_per_pod_3_2013	32449	TRUE	5.031288	TRUE
7681	19	142.677	19_35925150	7.08	1	12.5893	9.97547	7.36166	32.0322	17.2	2.61381	1	Seed_per_pod_3_2013	32521	TRUE	35.92515	TRUE
417	2	17.149	02_2149517-	3.12	1	50.1491	47.3346	44.52	89.3534	7.7	2.81455	0.931	Blue_2012	33537	TRUE	2.149517	TRUE
494	2	77.387	02_7185126-02_8025039	2.77	1	50.1038	47.3701	44.6365	90.1608	6.8	2.73367	0.898	Blue_2012	33614	TRUE	7.185126	TRUE
2557	7	201.73	07_20280812	2.13	1	49.7892	47.4891	45.189	91.6375	5.3	2.30009	1	Blue_2012	35677	TRUE	20.280812	TRUE
2575	7	215.565	07_31490409	2.34	1	49.7071	47.3158	44.9246	91.1625	5.8	2.39126	0.994	Blue_2012	35695	TRUE	31.490409	TRUE
2850	8	95.815	08_9054795	13.54	1	52.2366	46.8426	41.4486	68.4436	29.3	5.39399	1	Blue_2012	35970	TRUE	9.054795	TRUE
3297	9	103.718	09_8314206	2.46	1	49.995	47.5428	45.0906	90.8697	6.1	2.4522	1	Blue_2012	36417	TRUE	8.314206	TRUE
3317	9	115.685	09_13420254-09_15059933	2.35	1	49.9572	47.5425	45.1278	91.1285	5.8	2.41472	0.985	Blue_2012	36437	TRUE	13.420254	TRUE
3368	9	150.312	09_28487973-09_22111648	2.53	1	50.015	47.4969	44.9788	90.7081	6.3	2.51808	0.982	Blue_2012	36488	TRUE	28.487973	TRUE
3421	9	192.551	09_35873104-09_37357930	2.53	1	50.1791	47.5615	44.9439	90.717	6.3	2.6176	0.886	Blue_2012	36541	TRUE	35.873104	TRUE
5291	13	372.588	13_35326694	3.81	1	50.5683	47.5685	44.5688	87.7882	9.3	2.99971	1	Blue_2012	38411	TRUE	35.326694	TRUE
6195	15	281.838	15_48629463	2.43	1	49.7467	47.2304	44.7141	90.9447	6	2.51633	0.986	Blue_2012	39315	TRUE	48.629463	TRUE
7315	18	238.36	18_49928560	2.97	1	50.1629	47.5019	44.8409	89.7002	7.3	2.66098	1	Blue_2012	40435	TRUE	49.92856	TRUE
7703	19	155.757	19_37647577	2.45	1	49.9464	47.4882	45.03	90.9062	6.1	2.45818	1	Blue_2012	40823	TRUE	37.647577	TRUE
2584	7	222.17	07_23250635	2.12	1	7.61638	7.07522	6.53407	5.07474	5.3	0.541159	0.999	Seed_weight_2011	43984	TRUE	23.250635	TRUE
2799	8	57.391	08_4038718-08_4113685	2.11	1	7.63795	7.09571	6.55346	5.07562	5.3	0.542247	0.96	Seed_weight_2011	44199	TRUE	4.038718	TRUE
3910	10	259.847	10_43610530	2.1	1	7.64707	7.11607	6.58508	5.07714	5.2	0.530996	1	Seed_weight_2011	45310	TRUE	43.61053	TRUE
4033	11	23.948	11_3120180	2.87	1	7.62346	6.99133	6.35921	4.97796	7.1	0.632124	1	Seed_weight_2011	45433	TRUE	3.12018	TRUE
7160	18	137.926	18_9488720	2.15	1	7.67394	7.13034	6.58675	5.07046	5.4	0.543597	0.993	Seed_weight_2011	48560	TRUE	9.48872	TRUE
7194	18	162.873	18_16111543	2.03	1	7.72833	7.18768	6.64702	5.08618	5.1	0.540651	0.995	Seed_weight_2011	48594	TRUE	16.111543	TRUE
7513	19	18.659	19_752553-19_918442	2.19	1	7.68845	7.1251	6.56174	5.06559	5.4	0.563355	0.948	Seed_weight_2011	48913	TRUE	0.752553	TRUE
8047	20	80.753	20_4787436	2.01	1	7.67982	7.1538	6.62779	5.08885	5	0.526015	0.988	Seed_weight_2011	49447	TRUE	4.787436	TRUE
8143	20	145.328	20_32827066	2.94	1	7.79071	7.15905	6.5274	4.96933	7.2	0.631653	0.988	Seed_weight_2011	49543	TRUE	32.827066	TRUE
7	1	3.722	01_469930	2.36	1	7.37524	6.91376	6.45228	3.14856	6.2	0.461477	0.999	Seed_weight_2012	49687	TRUE	0.46993	TRUE
413	2	13.394	02_1962706	2.23	1	7.27169	6.82439	6.37708	3.15984	5.9	0.447307	0.995	Seed_weight_2012	50093	TRUE	1.962706	TRUE
2470	7	138.228	07_11240910	2.48	1	7.37495	6.90176	6.42857	3.13843	6.5	0.473191	1	Seed_weight_2012	52150	TRUE	11.24091	TRUE
2567	7	209.345	07_26551205	2.66	1	7.33898	6.8524	6.36582	3.12257	7	0.48658	0.985	Seed_weight_2012	52247	TRUE	26.551205	TRUE
2849	8	95.525	08_8679152	3.43	1	7.36349	6.80493	6.24636	3.05825	8.9	0.558562	1	Seed_weight_2012	52529	TRUE	8.679152	TRUE
3375	9	153.701	09_24930237	2.16	1	7.32637	6.88936	6.45236	3.1656	5.7	0.437007	1	Seed_weight_2012	53055	TRUE	24.930237	TRUE
4032	11	23.527	11_2995367-11_3120180	2.57	1	7.28362	6.78971	6.29579	3.13029	6.7	0.493912	0.972	Seed_weight_2012	53712	TRUE	2.995367	TRUE
4470	12	103.205	12_6512311	2.21	1	7.32295	6.87718	6.43141	3.16163	5.8	0.445767	0.998	Seed_weight_2012	54150	TRUE	6.512311	TRUE
4535	12	150.436	12_15052012	2.82	1	7.34695	6.84121	6.33547	3.10913	7.4	0.505739	1	Seed_weight_2012	54215	TRUE	15.052012	TRUE
4595	12	190.11	12_23111342	3.37	1	7.39978	6.84981	6.29984	3.06308	8.7	0.549973	0.995	Seed_weight_2012	54275	TRUE	23.111342	TRUE
4663	12	234.754	12_33283015	6.65	1	7.62915	6.86944	6.10973	2.80294	16.5	0.759709	1	Seed_weight_2012	54343	TRUE	33.283015	TRUE
5853	15	25.631	15_1615813	2.31	1	7.26569	6.80636	6.34703	3.15244	6.1	0.459333	0.993	Seed_weight_2012	55533	TRUE	1.615813	TRUE
5948	15	98.027	15_7891365	2.36	1	7.34101	6.88466	6.42831	3.14815	6.2	0.456351	1	Seed_weight_2012	55628	TRUE	7.891365	TRUE
6436	16	149.365	16_28997668	4.14	1	7.48887	6.88601	6.28316	3.00011	10.6	0.602858	0.986	Seed_weight_2012	56116	TRUE	28.997668	TRUE
8043	20	77.945	20_4483089	3.27	1	7.42197	6.88425	6.34652	3.07182	8.5	0.537723	0.988	Seed_weight_2012	57723	TRUE	4.483089	TRUE
8079	20	104.167	20_11347606	2.82	1	7.38446	6.88278	6.38109	3.10913	7.4	0.501683	1	Seed_weight_2012	57759	TRUE	11.347606	TRUE
8124	20	133.601	20_28332071	3.1	1	7.41914	6.89251	6.36588	3.08583	8.1	0.526626	1	Seed_weight_2012	57804	TRUE	28.332071	TRUE
8262	20	244.705	20_42157327-20_42091969	3.34	1	7.37236	6.81741	6.26247	3.066	8.6	0.554944	0.975	Seed_weight_2012	57942	TRUE	42.157327	TRUE
8	1	4.04	01_528621	3.06	1	7.2628	6.77118	6.27956	2.73168	7.7	0.491622	0.996	Seed_weight_2013	57968	TRUE	0.528621	TRUE
470	2	57.126	02_4891204	2.41	1	7.12246	6.69336	6.26426	2.77896	6.1	0.429101	0.988	Seed_weight_2013	58430	TRUE	4.891204	TRUE
680	2	221.536	02_40055126	2.26	1	7.10103	6.67688	6.25273	2.78957	5.7	0.42415	0.994	Seed_weight_2013	58640	TRUE	40.055126	TRUE
1122	4	33.436	04_4093911	3.25	1	7.16018	6.65851	6.15684	2.71834	8.2	0.501668	0.995	Seed_weight_2013	59082	TRUE	4.093911	TRUE
1191	4	87.806	04_42356460	2.43	1	7.14293	6.71296	6.28299	2.77704	6.2	0.429974	1	Seed_weight_2013	59151	TRUE	42.35646	TRUE
2497	7	157.241	07_15481416	3.3	1	7.20147	6.70195	6.20242	2.71498	8.3	0.499524	0.995	Seed_weight_2013	60457	TRUE	15.481416	TRUE
2567	7	209.345	07_26551205	3.46	1	7.19356	6.68256	6.17157	2.70324	8.7	0.510992	0.985	Seed_weight_2013	60527	TRUE	26.551205	TRUE
3369	9	150.475	09_22111648	2.66	1	7.17759	6.72505	6.27251	2.76063	6.7	0.45254	1	Seed_weight_2013	61329	TRUE	22.111648	TRUE
3391	9	166.527	09_33799475-	2.27	1	7.13071	6.70672	6.28274	2.78918	5.8	0.423987	0.954	Seed_weight_2013	61351	TRUE	33.799475	TRUE
4034	11	24.948	11_3120180-11_3520074	3.36	1	7.14656	6.62156	6.09656	2.71049	8.4	0.524999	0.959	Seed_weight_2013	61994	TRUE	3.12018	TRUE
4202	11	155.446	11_12818547	2.64	1	7.23342	6.77849	6.32357	2.76218	6.7	0.454928	0.995	Seed_weight_2013	62162	TRUE	12.818547	TRUE
4663	12	234.754	12_33283015	3.35	1	7.22221	6.71314	6.20408	2.71097	8.4	0.509064	1	Seed_weight_2013	62623	TRUE	33.283015	TRUE
5656	14	118.77	14_21836161	2.65	1	7.15419	6.70633	6.25847	2.7616	6.7	0.447858	0.995	Seed_weight_2013	63616	TRUE	21.836161	TRUE
5762	14	194.614	14_45538083	2.44	1	7.15787	6.72736	6.29684	2.7765	6.2	0.430514	0.994	Seed_weight_2013	63722	TRUE	45.538083	TRUE
5948	15	98.027	15_7891365	2.54	1	7.16347	6.72761	6.29176	2.76962	6.4	0.435852	1	Seed_weight_2013	63908	TRUE	7.891365	TRUE
6391	16	119.04	16_9765521-16_9251403	2.03	1	7.13157	6.73255	6.33353	2.80627	5.2	0.399017	0.975	Seed_weight_2013	64351	TRUE	9.765521	TRUE
6417	16	135.993	16_26270304	2.67	1	7.2374	6.77985	6.32229	2.76012	6.7	0.457558	0.978	Seed_weight_2013	64377	TRUE	26.270304	TRUE
7126	18	113.54	18_7285634	2.56	1	7.14383	6.69699	6.25015	2.76767	6.5	0.446839	0.981	Seed_weight_2013	65086	TRUE	7.285634	TRUE
7223	18	178.887	18_41231235	2.27	1	7.13035	6.7163	6.30224	2.78924	5.8	0.414052	0.995	Seed_weight_2013	65183	TRUE	41.231235	TRUE
7532	19	32.721	19_2171594-19_2242461	3.06	1	7.24929	6.76208	6.27487	2.73156	7.7	0.48721	0.986	Seed_weight_2013	65492	TRUE	2.171594	TRUE
8047	20	80.753	20_4787436	2.26	1	7.18396	6.76551	6.34706	2.78976	5.7	0.418451	0.988	Seed_weight_2013	66007	TRUE	4.787436	TRUE
8143	20	145.328	20_32827066	2.28	1	7.18838	6.7677	6.34702	2.78794	5.8	0.420679	0.988	Seed_weight_2013	66103	TRUE	32.827066	TRUE
8258	20	241.529	20_42924972-20_42179321	3.13	1	7.19127	6.67803	6.16478	2.72664	7.9	0.513246	0.901	Seed_weight_2013	66218	TRUE	42.924972	TRUE
485	2	69.057	02_5984267	3.47	1	5.751	5.44962	5.14825	0.842141	9.4	0.301373	0.968	Stem_size_2_node_2013	66725	TRUE	5.984267	TRUE
1160	4	67.175	04_9484691	2.77	1	5.71163	5.44305	5.17446	0.859137	7.6	0.268585	1	Stem_size_2_node_2013	67400	TRUE	9.484691	TRUE
1195	4	89.996	04_36209714	2.02	1	5.67938	5.44842	5.21747	0.877748	5.6	0.230952	0.98	Stem_size_2_node_2013	67435	TRUE	36.209714	TRUE
1268	4	136.201	04_45836174	2.74	1	5.727	5.4614	5.1958	0.859801	7.5	0.265599	1	Stem_size_2_node_2013	67508	TRUE	45.836174	TRUE
2821	8	74.834	08_6246524	3.95	1	5.7926	5.47478	5.15696	0.830502	10.7	0.317819	0.997	Stem_size_2_node_2013	69061	TRUE	6.246524	TRUE
2903	8	133.72	08_11673131	3.16	1	5.7233	5.43468	5.14606	0.849539	8.6	0.288619	0.99	Stem_size_2_node_2013	69143	TRUE	11.673131	TRUE
3327	9	121.546	09_14379717	2.05	1	5.6925	5.45889	5.22527	0.876812	5.7	0.233612	0.993	Stem_size_2_node_2013	69567	TRUE	14.379717	TRUE
3357	9	142.74	09_30961737	2.22	1	5.70939	5.46771	5.22603	0.872583	6.2	0.241681	1	Stem_size_2_node_2013	69597	TRUE	30.961737	TRUE
4002	11	0.987	11_419982	2.25	1	5.69113	5.4481	5.20507	0.87184	6.2	0.243027	0.999	Stem_size_2_node_2013	70242	TRUE	0.419982	TRUE
4088	11	69.344	11_6884131	2.1	1	5.69224	5.45714	5.22204	0.875587	5.8	0.235099	0.993	Stem_size_2_node_2013	70328	TRUE	6.884131	TRUE
5026	13	175.227	13_23043289	2.56	1	5.78581	5.52144	5.25708	0.864123	7.1	0.264368	0.989	Stem_size_2_node_2013	71266	TRUE	23.043289	TRUE
5175	13	281.565	13_31203791-13_30419034	3.45	1	5.81321	5.50252	5.19184	0.842531	9.4	0.310686	0.933	Stem_size_2_node_2013	71415	TRUE	31.203791	TRUE
5368	13	427.565	13_39579307	5.81	1	5.88374	5.50358	5.12342	0.787627	15.3	0.380156	0.995	Stem_size_2_node_2013	71608	TRUE	39.579307	TRUE
7527	19	28.953	19_1353843-19_2167576	7.61	1	5.91747	5.46661	5.01575	0.747903	19.6	0.450857	0.897	Stem_size_2_node_2013	73767	TRUE	1.353843	TRUE
7674	19	137.149	19_35651504	4.48	1	5.78878	5.4543	5.11981	0.818152	12	0.334485	0.995	Stem_size_2_node_2013	73914	TRUE	35.651504	TRUE
2094	6	224.401	06_20312314-06_19395795	13.1	1	49.8204	47.536	45.2515	12.8588	28.5	2.28447	0.998	Protein_2011	76614	TRUE	20.312314	TRUE
2116	6	239.333	06_28894496-06_21984709	8.72	1	49.445	47.4543	45.4637	14.3815	20	1.99065	0.953	Protein_2011	76636	TRUE	28.894496	TRUE
2154	6	268.273	06_39743079	8.98	1	49.5574	47.6158	45.6741	14.288	20.5	1.94165	1	Protein_2011	76674	TRUE	39.743079	TRUE
2184	6	289.716	06_45200838-06_45344666	5.42	1	49.2436	47.6724	46.1012	15.6518	12.9	1.57123	0.966	Protein_2011	76704	TRUE	45.200838	TRUE
2836	8	84.596	08_7612869-08_7656665	8.24	1	46.1113	48.0001	49.8889	14.5604	19	-1.88881	0.976	Protein_2011	77356	TRUE	7.612869	TRUE
3205	9	32.954	09_2556374-09_2966837	4.01	1	46.5682	47.9656	49.3631	16.2239	9.8	-1.39744	0.932	Protein_2011	77725	TRUE	2.556374	TRUE
3297	9	103.718	09_8314206	2.24	1	46.7836	47.7931	48.8025	16.976	5.6	-1.00947	1	Protein_2011	77817	TRUE	8.314206	TRUE
4942	13	105.826	13_19868353-13_20155349	3.21	1	46.5005	47.7277	48.955	16.5607	7.9	-1.22726	0.962	Protein_2011	79462	TRUE	19.868353	TRUE
5864	15	34.551	15_2321231-15_3380704	4.93	1	46.5369	48.0847	49.6325	15.8454	11.9	-1.54779	0.928	Protein_2011	80384	TRUE	2.321231	TRUE
6773	17	166.043	17_12737227	3.68	1	48.8913	47.5944	46.2974	16.3608	9	1.29696	0.989	Protein_2011	81293	TRUE	12.737227	TRUE
6861	17	228.288	17_24460647	2.97	1	48.9181	47.769	46.6199	16.6639	7.3	1.14909	0.996	Protein_2011	81381	TRUE	24.460647	TRUE
7001	18	15.47	18_830129	2.43	1	46.8578	47.9157	48.9736	16.8947	6	-1.05787	1	Protein_2011	81521	TRUE	0.830129	TRUE
8028	20	69.367	20_2916159	6.03	1	46.072	47.6932	49.3145	15.4068	14.3	-1.62125	0.991	Protein_2011	82548	TRUE	2.916159	TRUE
8058	20	87.689	20_23793402	6.18	1	46.0749	47.7388	49.4028	15.3482	14.6	-1.66395	0.991	Protein_2011	82578	TRUE	23.793402	TRUE
1178	4	79.082	04_15937967	2.73	1	60.6027	53.8518	47.1009	607.469	6.8	6.75091	1	Seed_weight_per_plant_2012	83978	TRUE	15.937967	TRUE
1247	4	120.598	04_43910521	2.35	1	60.3353	54.0104	47.6855	613.381	5.9	6.32488	1	Seed_weight_per_plant_2012	84047	TRUE	43.910521	TRUE
3962	10	305.896	10_48649271	2.21	1	48.6952	54.7492	60.8032	615.559	5.5	-6.05397	1	Seed_weight_per_plant_2012	86762	TRUE	48.649271	TRUE
4457	12	93.476	12_5797776	3.12	1	47.0805	54.2042	61.3278	601.36	7.7	-7.12365	1	Seed_weight_per_plant_2012	87257	TRUE	5.797776	TRUE
6982	18	0	18_475000	2.19	1	59.795	53.7334	47.6718	615.952	5.5	6.0616	1	Seed_weight_per_plant_2012	89782	TRUE	0.475	TRUE
7826	19	251.024	19_44443198	4.09	1	45.7084	53.8205	61.9326	586.531	10	-8.11206	1	Seed_weight_per_plant_2012	90626	TRUE	44.443198	TRUE
8052	20	84.337	20_6101553	2.18	1	61.1631	55.1826	49.2022	616.08	5.4	5.98047	1	Seed_weight_per_plant_2012	90852	TRUE	6.101553	TRUE
1142	4	51.28	04_5617922-04_8594282	2.73	1	54.0829	46.3567	38.6304	516.446	6.7	7.72625	0.657	Seed_weight_per_plant_2011	92222	TRUE	5.617922	TRUE
1219	4	102.609	04_40982608	2.78	1	53.5559	47.351	41.146	515.722	6.9	6.20496	0.994	Seed_weight_per_plant_2011	92299	TRUE	40.982608	TRUE
2850	8	95.815	08_9054795	3.03	1	53.2749	46.7611	40.2473	512.424	7.5	6.51379	1	Seed_weight_per_plant_2011	93930	TRUE	9.054795	TRUE
4001	11	0	11_383900	2.13	1	52.4961	46.9674	41.4387	524.369	5.3	5.52868	0.988	Seed_weight_per_plant_2011	95081	TRUE	0.3839	TRUE
4449	12	87.616	12_5571165	3.2	1	40.6353	47.2984	53.9614	510.162	7.9	-6.66305	1	Seed_weight_per_plant_2011	95529	TRUE	5.571165	TRUE
7080	18	79.011	18_4259142	2.55	1	53.1199	47.1599	41.1998	518.779	6.3	5.96005	1	Seed_weight_per_plant_2011	98160	TRUE	4.259142	TRUE
813	3	79.766	03_7602367	2.47	1	37.4443	33.6648	29.8852	210.994	6.2	3.77955	0.994	Branch_number_stadev_2013	100173	TRUE	7.602367	TRUE
832	3	92.71	03_26521294	2.38	1	37.4604	33.7213	29.9822	211.458	6	3.73909	0.983	Branch_number_stadev_2013	100192	TRUE	26.521294	TRUE
5365	13	426.634	13_39583584	3.38	1	28.8333	33.2013	37.5694	206.043	8.4	-4.36803	1	Branch_number_stadev_2013	104725	TRUE	39.583584	TRUE
7172	18	147.53	18_10941968	2.15	1	29.5905	33.1247	36.6588	212.758	5.4	-3.53418	0.998	Branch_number_stadev_2013	106532	TRUE	10.941968	TRUE
7524	19	26.601	19_1524194	2.49	1	29.5241	33.3196	37.1151	210.845	6.3	-3.7955	0.992	Branch_number_stadev_2013	106884	TRUE	1.524194	TRUE
8068	20	94.796	20_20709741	2.44	1	29.4807	33.2798	37.0789	211.122	6.2	-3.79906	0.979	Branch_number_stadev_2013	107428	TRUE	20.709741	TRUE
4136	11	103.892	11_8951190	2.07	1	75.3932	85.1778	94.9624	1666.68	5.2	-9.78459	1	Branch_number_node01_2013	111776	TRUE	8.95119	TRUE
4455	12	92.264	12_5797886	5.08	1	67.9653	83.2657	98.5662	1541.18	12.4	-15.3005	0.989	Branch_number_node01_2013	112095	TRUE	5.797886	TRUE
7847	19	267.574	19_45322411-19_45523455	6.33	1	64.4142	81.4532	98.4921	1491.7	15.2	-17.039	0.955	Branch_number_node01_2013	115487	TRUE	45.322411	TRUE
4113	11	86.865	11_7490974	2.1	1	74.2711	83.8275	93.3839	1593.13	5.3	-9.55643	0.998	Branch_number_node02_2013	120033	TRUE	7.490974	TRUE
4456	12	93.264	12_5797886-12_5797776	4.93	1	67.6577	82.2032	96.7487	1479.99	12	-14.5455	0.975	Branch_number_node02_2013	120376	TRUE	5.797886	TRUE
4553	12	161.403	12_14615264-12_16108975	3.72	1	71.0621	83.8884	96.7148	1527.14	9.2	-12.8264	0.964	Branch_number_node02_2013	120473	TRUE	14.615264	TRUE
4613	12	202.25	12_27045219	4.29	1	70.5456	83.9939	97.4422	1504.76	10.6	-13.4483	0.995	Branch_number_node02_2013	120533	TRUE	27.045219	TRUE
4670	12	239.079	12_33314749	2.29	1	72.3076	82.4906	92.6736	1585.34	5.8	-10.183	0.993	Branch_number_node02_2013	120590	TRUE	33.314749	TRUE
7844	19	265.155	19_45326595	6.7	1	65.2073	81.8922	98.5771	1413.21	16	-16.6849	0.968	Branch_number_node02_2013	123764	TRUE	45.326595	TRUE
129	1	97.325	01_17043541	2.2	1	93.2816	82.4178	71.5541	1949.1	5.6	10.8637	1	Branch_number_node03_2013	124329	TRUE	17.043541	TRUE
1274	4	140.54	04_45871877	2.42	1	95.2025	83.8167	72.4308	1938.13	6.1	11.3859	0.995	Branch_number_node03_2013	125474	TRUE	45.871877	TRUE
1741	5	265.844	05_38440675	2.02	1	74.8105	85.1951	95.5798	1958.33	5.1	-10.3847	1	Branch_number_node03_2013	125941	TRUE	38.440675	TRUE
2794	8	52.974	08_3669214	2.47	1	72.9326	84.2617	95.5909	1935.61	6.2	-11.3292	1	Branch_number_node03_2013	126994	TRUE	3.669214	TRUE
3568	9	316.06	09_48774981-09_49475350	2.32	1	73.6628	84.8952	96.1277	1943.18	5.9	-11.2325	0.968	Branch_number_node03_2013	127768	TRUE	48.774981	TRUE
4457	12	93.476	12_5797776	3.18	1	70.6042	83.4711	96.338	1899.88	7.9	-12.8669	1	Branch_number_node03_2013	128657	TRUE	5.797776	TRUE
7826	19	251.024	19_44443198	7.52	1	62.615	81.9086	101.202	1696.97	17.8	-19.2936	1	Branch_number_node03_2013	132026	TRUE	44.443198	TRUE
144	1	108.56	01_14788064-01_14788119	2.17	1	86.3054	76.3985	66.4917	1407.75	5.5	9.90682	0.902	Branch_number_node04_2013	132624	TRUE	14.788064	TRUE
1179	4	80.082	04_15937967-04_15287473	2.2	1	83.8453	74.469	65.0926	1406.67	5.6	9.3764	0.956	Branch_number_node04_2013	133659	TRUE	15.937967	TRUE
1255	4	126.493	04_45355720	2.07	1	84.6147	75.7284	66.8421	1411.51	5.3	8.8863	1	Branch_number_node04_2013	133735	TRUE	45.35572	TRUE
3659	10	69.169	10_3311709	2.39	1	84.9094	75.3198	65.7302	1399.54	6.1	9.58963	1	Branch_number_node04_2013	136139	TRUE	3.311709	TRUE
4476	12	107.19	12_6480839	3.03	1	64.0792	74.866	85.6527	1376.43	7.6	-10.7867	0.989	Branch_number_node04_2013	136956	TRUE	6.480839	TRUE
6543	16	234.391	16_37132019	2.16	1	83.5053	74.3364	65.1676	1407.93	5.5	9.16884	0.999	Branch_number_node04_2013	139023	TRUE	37.132019	TRUE
7824	19	249.72	19_43950917-19_44507961	9.72	1	54.6024	73.391	92.1796	1155.47	22.4	-18.7886	0.961	Branch_number_node04_2013	140304	TRUE	43.950917	TRUE
781	3	55.856	03_3121620	2.4	1	78.7775	69.3535	59.9294	1241.78	6.3	9.42407	0.957	Branch_number_node05_2013	141541	TRUE	3.12162	TRUE
4456	12	93.264	12_5797886-12_5797776	2.68	1	60.0499	69.8719	79.6938	1232.36	7	-9.82193	0.975	Branch_number_node05_2013	145216	TRUE	5.797886	TRUE
4604	12	196.569	12_23506861	2.4	1	61.669	70.8608	80.0525	1241.79	6.2	-9.19178	0.994	Branch_number_node05_2013	145364	TRUE	23.506861	TRUE
4680	12	247.802	12_33895367	2.71	1	60.6722	70.6095	80.5468	1231.38	7	-9.93731	0.987	Branch_number_node05_2013	145440	TRUE	33.895367	TRUE
7853	19	273.247	19_46294009	8.17	1	52.4473	68.9223	85.3974	1062.9	19.8	-16.475	0.981	Branch_number_node05_2013	148613	TRUE	46.294009	TRUE
5707	14	150.626	14_39975933	3.1	1	74.4653	64.4865	54.5078	1027.22	8.3	9.97876	0.994	Branch_number_node06_2013	154747	TRUE	39.975933	TRUE
7831	19	254.555	19_44603046	5.87	1	51.9699	65.1695	78.3691	950.245	15.2	-13.1996	1	Branch_number_node06_2013	156871	TRUE	44.603046	TRUE
8081	20	105.222	20_23702435	2.48	1	75.9078	66.98	58.0522	1045.07	6.7	8.92777	1	Branch_number_node06_2013	157121	TRUE	23.702435	TRUE
1635	5	181.978	05_32235933	2.7	1	51.7231	61.2306	70.7382	998.859	8.2	-9.5075	0.993	Branch_number_node07_2013	158955	TRUE	32.235933	TRUE
3698	10	98.851	10_6919630	2.24	1	68.7628	60.0891	51.4154	1013.29	6.8	8.67369	0.999	Branch_number_node07_2013	161018	TRUE	6.91963	TRUE
3866	10	221.837	10_40020228-	2.61	1	71.2381	60.2207	49.2034	1001.58	7.9	11.0173	0.721	Branch_number_node07_2013	161186	TRUE	40.020228	TRUE
7842	19	264.121	19_45367401	5.53	1	45.8677	59.244	72.6204	913.443	16	-13.3763	0.999	Branch_number_node07_2013	165162	TRUE	45.367401	TRUE
515	2	92.73	02_9638445-02_9050384	3.1	1	1.74663	1.84874	1.95085	0.122358	7.7	-0.102109	0.983	Branch_class_2012	166115	TRUE	9.638445	TRUE
3990	10	325.959	10_50619004	3.62	1	1.72811	1.83776	1.94742	0.120695	9	-0.109657	1	Branch_class_2012	169590	TRUE	50.619004	TRUE
6705	17	116.183	17_8042370	2.58	1	1.75139	1.84552	1.93966	0.124014	6.4	-0.0941324	0.981	Branch_class_2012	172305	TRUE	8.04237	TRUE
539	2	114.484	02_10409311	2.59	1	1.85562	1.91259	1.96957	0.0416057	7.1	-0.0569765	0.98	Branch_class_2013	174419	TRUE	10.409311	TRUE
3025	8	227.539	08_20756818	2.72	1	1.97172	1.91266	1.8536	0.0414479	7.5	0.0590604	0.989	Branch_class_2013	176905	TRUE	20.756818	TRUE
3958	10	302.133	10_48681319	3.02	1	1.85467	1.91649	1.97832	0.0410974	8.3	-0.0618242	1	Branch_class_2013	177838	TRUE	48.681319	TRUE
4024	11	18.09	11_2207833	2.32	1	1.86592	1.92039	1.97485	0.0419248	6.4	-0.0544646	1	Branch_class_2013	177904	TRUE	2.207833	TRUE
6347	16	85.672	16_5690083-16_5571391	2.65	1	1.84851	1.90715	1.96579	0.0415408	7.3	-0.058641	0.954	Branch_class_2013	180227	TRUE	5.690083	TRUE
6449	16	159.816	16_30521457	2.1	1	1.8619	1.91459	1.96729	0.042192	5.8	-0.0526958	0.973	Branch_class_2013	180329	TRUE	30.521457	TRUE
104	1	79.703	01_5689603	2.42	1	7.21686	8.15652	9.09617	13.5582	6	-0.93965	0.995	Branch_number_2011	182264	TRUE	5.689603	TRUE
2433	7	112.482	07_9204797	2.16	1	9.04655	8.15912	7.2717	13.6482	5.4	0.887423	0.995	Branch_number_2011	184593	TRUE	9.204797	TRUE
3959	10	303.133	10_48681319-10_48597372	2.64	1	7.16656	8.18346	9.20036	13.4811	6.5	-1.0169	0.944	Branch_number_2011	186119	TRUE	48.681319	TRUE
4367	12	23.824	12_1720024	2.06	1	7.18063	8.0462	8.91176	13.6812	5.1	-0.865566	0.994	Branch_number_2011	186527	TRUE	1.720024	TRUE
5174	13	280.565	13_31203791	3.64	1	9.35867	8.20681	7.05495	13.1421	8.9	1.15186	0.985	Branch_number_2011	187334	TRUE	31.203791	TRUE
7229	18	182.316	18_22078833	2.04	1	8.95027	8.09042	7.23056	13.6916	5.1	0.859854	0.99	Branch_number_2011	189389	TRUE	22.078833	TRUE
7289	18	219.514	18_35765864-18_40670985	2.06	1	9.00848	8.11338	7.21828	13.684	5.1	0.895102	0.931	Branch_number_2011	189449	TRUE	35.765864	TRUE
7302	18	230.511	18_48460638	2.14	1	9.03709	8.15318	7.26927	13.655	5.3	0.883913	0.987	Branch_number_2011	189462	TRUE	48.460638	TRUE
3664	10	73.546	10_3914161	3.01	1	10.8123	9.77114	8.72995	13.2223	7.5	1.04119	0.995	Branch_number_2012	194104	TRUE	3.914161	TRUE
3949	10	295.063	10_48144363	2.33	1	8.90951	9.8273	10.7451	13.4592	5.8	-0.917798	1	Branch_number_2012	194389	TRUE	48.144363	TRUE
4501	12	125.893	12_7658540-12_8890067	3.73	1	8.63233	9.8365	11.0407	12.9782	9.2	-1.20417	0.926	Branch_number_2012	194941	TRUE	7.65854	TRUE
4604	12	196.569	12_23506861	2.87	1	8.79907	9.82087	10.8427	13.2703	7.2	-1.0218	0.994	Branch_number_2012	195044	TRUE	23.506861	TRUE
4763	12	314.806	12_37245986	2.68	1	8.85358	9.8458	10.838	13.3356	6.7	-0.992212	0.988	Branch_number_2012	195203	TRUE	37.245986	TRUE
7157	18	135.812	18_8814392	2.2	1	8.87581	9.77104	10.6663	13.5028	5.5	-0.895237	0.995	Branch_number_2012	197597	TRUE	8.814392	TRUE
7210	18	172.056	18_18506021	2.66	1	8.74393	9.73018	10.7164	13.3441	6.6	-0.986257	0.986	Branch_number_2012	197650	TRUE	18.506021	TRUE
7825	19	250.12	19_44507961	3.33	1	8.56913	9.66653	10.7639	13.1151	8.3	-1.0974	0.992	Branch_number_2012	198265	TRUE	44.507961	TRUE
397	2	3.653	02_797757	2.53	1	7.48744	7.92285	8.35825	2.40884	7	-0.435405	0.996	Branch_number_2013	199117	TRUE	0.797757	TRUE
2470	7	138.228	07_11240910	2.15	1	7.43	7.82837	8.22674	2.43589	6	-0.398371	1	Branch_number_2013	201190	TRUE	11.24091	TRUE
2526	7	178.356	07_16596503-07_17718073	2.26	1	7.44114	7.86029	8.27944	2.42785	6.3	-0.41915	0.935	Branch_number_2013	201246	TRUE	16.596503	TRUE
2560	7	204.354	07_23843687	4	1	7.35047	7.88988	8.42928	2.30935	10.9	-0.539407	0.982	Branch_number_2013	201280	TRUE	23.843687	TRUE
2592	7	226.516	07_35266144	4.08	1	7.33168	7.87101	8.41035	2.30428	11.1	-0.539335	1	Branch_number_2013	201312	TRUE	35.266144	TRUE
4446	12	84.743	12_5345648-12_5529683	3.58	1	7.33747	7.86357	8.38967	2.33724	9.8	-0.526099	0.944	Branch_number_2013	203166	TRUE	5.345648	TRUE
4604	12	196.569	12_23506861	3.26	1	7.38339	7.86888	8.35437	2.3588	9	-0.485492	0.994	Branch_number_2013	203324	TRUE	23.506861	TRUE
4656	12	229.697	12_32629975-12_32644412	3.23	1	7.3685	7.86203	8.35556	2.36096	8.9	-0.493529	0.948	Branch_number_2013	203376	TRUE	32.629975	TRUE
4748	12	302.4	12_38391448	3.73	1	7.3992	7.92042	8.44164	2.32714	10.2	-0.521219	0.998	Branch_number_2013	203468	TRUE	38.391448	TRUE
7092	18	88.132	18_4736487	2.16	1	7.50716	7.9117	8.31623	2.43526	6	-0.404533	0.994	Branch_number_2013	205812	TRUE	4.736487	TRUE
494	2	77.387	02_7185126-02_8025039	3.76	1	93.8366	86.0507	78.2647	532.163	9.2	7.78597	0.898	Green_2012	207494	TRUE	7.185126	TRUE
2746	8	16.58	08_1892288	3.21	1	93.0567	86.2364	79.4161	539.644	7.9	6.8203	1	Green_2012	209746	TRUE	1.892288	TRUE
2844	8	91.506	08_8285888-08_8508938	39.87	1	105.048	85.2773	65.5066	211.242	63.9	19.7707	0.984	Green_2012	209844	TRUE	8.285888	TRUE
2943	8	164.19	08_14312729-08_14391554	4.3	1	93.4809	85.4654	77.4499	524.824	10.4	8.0155	0.966	Green_2012	209943	TRUE	14.312729	TRUE
3228	9	51.252	09_3765291	2.68	1	92.7049	86.4594	80.2139	547.096	6.6	6.24549	0.995	Green_2012	210228	TRUE	3.765291	TRUE
3317	9	115.685	09_13420254-09_15059933	2.68	1	92.8653	86.5324	80.1996	546.988	6.6	6.33286	0.985	Green_2012	210317	TRUE	13.420254	TRUE
3366	9	149	09_28487819	2.65	1	92.9602	86.7162	80.4723	547.531	6.5	6.2439	0.993	Green_2012	210366	TRUE	28.487819	TRUE
3420	9	191.551	09_35873104-	2.21	1	92.5686	86.5294	80.4902	553.695	5.5	6.03918	0.883	Green_2012	210420	TRUE	35.873104	TRUE
5671	14	127.664	14_27341769	2.29	1	81.1634	86.9748	92.7861	552.582	5.7	-5.81135	1	Green_2012	212671	TRUE	27.341769	TRUE
5923	15	79.272	15_6671147-15_6883368	2.82	1	92.5257	85.9436	79.3615	545.122	7	6.58213	0.955	Green_2012	212923	TRUE	6.671147	TRUE
6195	15	281.838	15_48629463	2.51	1	92.0398	85.747	79.4542	549.367	6.2	6.29278	0.986	Green_2012	213195	TRUE	48.629463	TRUE
7315	18	238.36	18_49928560	2.03	1	91.8777	86.4259	80.9742	556.144	5.1	5.45176	1	Green_2012	214315	TRUE	49.92856	TRUE
7589	19	78.837	19_23087203-19_24686974	2.05	1	92.0699	86.5183	80.9667	555.979	5.1	5.55163	0.981	Green_2012	214589	TRUE	23.087203	TRUE
7669	19	132.897	19_35362631	2.15	1	92.3391	86.6902	81.0412	554.515	5.4	5.64894	0.992	Green_2012	214669	TRUE	35.362631	TRUE
5365	13	426.634	13_39583584	2.49	1	2.16868	2.03644	1.90421	0.262004	6.2	0.132236	1	Stem_size_2012	220645	TRUE	39.583584	TRUE
5987	15	127.311	15_10762198	3.49	1	2.18083	2.02373	1.86663	0.255305	8.6	0.1571	0.998	Stem_size_2012	221267	TRUE	10.762198	TRUE
7008	18	21.293	18_1087638	2.58	1	2.14544	2.00916	1.87288	0.261388	6.5	0.136285	1	Stem_size_2012	222288	TRUE	1.087638	TRUE
2470	7	138.228	07_11240910	2.47	1	3.83338	3.74865	3.66393	0.100944	6.6	0.0847243	1	Pod_length_2013	226030	TRUE	11.24091	TRUE
2533	7	184.157	07_17718202-07_17937881	2.1	1	3.82359	3.74223	3.66086	0.101973	5.6	0.081369	0.919	Pod_length_2013	226093	TRUE	17.718202	TRUE
2559	7	203.63	07_28038420	2.77	1	3.8317	3.74188	3.65205	0.100119	7.3	0.0898256	1	Pod_length_2013	226119	TRUE	28.03842	TRUE
2598	7	230.699	07_35663284	3.22	1	3.8425	3.74595	3.64941	0.0989115	8.4	0.0965463	0.998	Pod_length_2013	226158	TRUE	35.663284	TRUE
3600	10	20.954	10_1237908	2.43	1	3.81632	3.73088	3.64544	0.101075	6.4	0.0854412	1	Pod_length_2013	227160	TRUE	1.237908	TRUE
4681	12	248.734	12_33917198	2.21	1	3.82581	3.74562	3.66543	0.101674	5.9	0.0801901	1	Pod_length_2013	228241	TRUE	33.917198	TRUE
6405	16	127.116	16_19287190	2.17	1	3.82978	3.74932	3.66886	0.101788	5.8	0.0804595	0.987	Pod_length_2013	229965	TRUE	19.28719	TRUE
6421	16	138.673	16_26791104	2.54	1	3.8386	3.75231	3.66603	0.100752	6.7	0.086284	0.994	Pod_length_2013	229981	TRUE	26.791104	TRUE
290	1	217.238	01_50658685	2.19	1	2.92525	2.86667	2.80809	0.0538125	5.8	0.0585793	0.985	Ridio_pod_length_width_2013	232130	TRUE	50.658685	TRUE
1101	4	17.024	04_2103021	2.03	1	2.81305	2.86932	2.92559	0.0540509	5.4	-0.0562725	1	Ridio_pod_length_width_2013	232941	TRUE	2.103021	TRUE
1698	5	231.939	05_35859979	2.07	1	2.90732	2.8495	2.79167	0.05399	5.5	0.0578237	0.994	Ridio_pod_length_width_2013	233538	TRUE	35.859979	TRUE
3516	9	270.799	09_45344820	2.2	1	2.91269	2.85389	2.79509	0.0538037	5.9	0.0587979	1	Ridio_pod_length_width_2013	235356	TRUE	45.34482	TRUE
6275	16	33.359	16_2460921-16_2563542	2.63	1	2.79651	2.86095	2.92539	0.053174	7	-0.0644391	0.957	Ridio_pod_length_width_2013	238115	TRUE	2.460921	TRUE
5348	13	414.176	13_37903175	2.16	1	5.3872	6.39586	7.40452	17.5272	5.4	-1.00866	0.982	Node_length_2011	245468	TRUE	37.903175	TRUE
816	3	81.67	03_11327172	2.01	1	6.11725	5.73636	5.35546	2.64337	5.1	0.380893	0.994	Node_length_2012	249216	TRUE	11.327172	TRUE
862	3	112.664	03_19630936	2.39	1	6.15086	5.73604	5.32123	2.61712	6	0.414816	1	Node_length_2012	249262	TRUE	19.630936	TRUE
894	3	132.805	03_32396202	2	1	6.08428	5.70884	5.33341	2.64427	5	0.375434	1	Node_length_2012	249294	TRUE	32.396202	TRUE
1590	5	148.279	05_27809193-05_27879984	2.56	1	5.27762	5.71743	6.15724	2.60624	6.4	-0.439809	0.933	Node_length_2012	249990	TRUE	27.809193	TRUE
2388	7	77.841	07_5770525-07_5770541	2.24	1	5.34747	5.77454	6.20161	2.62791	5.6	-0.42707	0.882	Node_length_2012	250788	TRUE	5.770525	TRUE
4122	11	93.221	11_8338799	2.55	1	5.31912	5.74313	6.16715	2.60661	6.4	-0.424013	1	Node_length_2012	252522	TRUE	8.338799	TRUE
4474	12	106.14	12_6385628	2.61	1	5.25458	5.68928	6.12398	2.60251	6.5	-0.434696	0.976	Node_length_2012	252874	TRUE	6.385628	TRUE
4531	12	147.213	12_12185675	2.06	1	5.37892	5.76277	6.14662	2.64005	5.2	-0.383852	0.993	Node_length_2012	252931	TRUE	12.185675	TRUE
4793	12	338.715	12_35756931	2.26	1	5.3122	5.71507	6.11795	2.62612	5.7	-0.402874	0.989	Node_length_2012	253193	TRUE	35.756931	TRUE
5354	13	418.755	13_38372073-13_38387816	7.37	1	4.98559	5.69287	6.40015	2.30117	17.4	-0.70728	0.981	Node_length_2012	253754	TRUE	38.372073	TRUE
5693	14	139.663	14_34293046-14_34720073	2.54	1	6.10453	5.66721	5.22988	2.60721	6.4	0.437327	0.966	Node_length_2012	254093	TRUE	34.293046	TRUE
5717	14	159.072	14_41997345	3.16	1	6.19544	5.72245	5.24945	2.56598	7.8	0.472995	1	Node_length_2012	254117	TRUE	41.997345	TRUE
6896	17	257.671	17_38080203-17_38115712	2.5	1	6.10318	5.66681	5.23043	2.61024	6.3	0.436372	0.956	Node_length_2012	255296	TRUE	38.080203	TRUE
7094	18	90.056	18_4802186	4.14	1	5.22828	5.77274	6.3172	2.50145	10.2	-0.544458	0.978	Node_length_2012	255494	TRUE	4.802186	TRUE
7328	18	248.61	18_50117075-18_50432346	2.28	1	5.31974	5.732	6.14425	2.62459	5.7	-0.412253	0.952	Node_length_2012	255728	TRUE	50.117075	TRUE
7817	19	243.164	19_43534209	2.17	1	5.33047	5.72507	6.11967	2.63231	5.5	-0.394601	1	Node_length_2012	256217	TRUE	43.534209	TRUE
8105	20	120.454	20_27414817	2.06	1	5.31398	5.69744	6.0809	2.63981	5.2	-0.383461	1	Node_length_2012	256505	TRUE	27.414817	TRUE
9	1	5.04	01_528621-01_768506	2.44	1	6.4735	6.08541	5.69732	1.95191	6.8	0.38809	0.974	Node_length_2013	256689	TRUE	0.528621	TRUE
143	1	107.56	01_14788064	2.65	1	6.48876	6.08334	5.67792	1.94048	7.3	0.405419	0.996	Node_length_2013	256823	TRUE	14.788064	TRUE
2393	7	82.42	07_5770541-07_6363160	2.06	1	5.6959	6.05526	6.41463	1.97334	5.7	-0.359366	0.924	Node_length_2013	259073	TRUE	5.770541	TRUE
4432	12	74.845	12_5011149	3.59	1	5.55555	6.01086	6.46617	1.88907	9.8	-0.455314	0.995	Node_length_2013	261112	TRUE	5.011149	TRUE
5355	13	419.003	13_38387816	4.37	1	5.49794	5.99994	6.50195	1.84746	11.7	-0.502004	0.994	Node_length_2013	262035	TRUE	38.387816	TRUE
5656	14	118.77	14_21836161	2.21	1	6.38632	6.02622	5.66612	1.96527	6.1	0.360102	0.995	Node_length_2013	262336	TRUE	21.836161	TRUE
5692	14	138.663	14_34293046	2.25	1	6.36547	6.00014	5.63482	1.96292	6.2	0.365328	0.995	Node_length_2013	262372	TRUE	34.293046	TRUE
7118	18	106.798	18_6211608	3.08	1	5.65324	6.07938	6.50552	1.91671	8.4	-0.426139	0.975	Node_length_2013	263798	TRUE	6.211608	TRUE
7826	19	251.024	19_44443198	4.62	1	5.45751	5.97121	6.48491	1.83391	12.4	-0.513698	1	Node_length_2013	264506	TRUE	44.443198	TRUE
1101	4	17.024	04_2103021	2.08	1	1.36162	1.32118	1.28073	0.0272957	5.5	0.0404411	1	Pod_width_2013	266061	TRUE	2.103021	TRUE
2573	7	214.166	07_31091623	2.75	1	1.36821	1.32162	1.27504	0.0267969	7.3	0.0465874	0.986	Pod_width_2013	267533	TRUE	31.091623	TRUE
3126	8	299.432	08_43278025	2.27	1	1.28604	1.32798	1.36992	0.0271504	6	-0.0419422	1	Pod_width_2013	268086	TRUE	43.278025	TRUE
4321	11	252.8	11_33323346	2.25	1	1.2773	1.31967	1.36205	0.0271645	6	-0.0423789	1	Pod_width_2013	269281	TRUE	33.323346	TRUE
4457	12	93.476	12_5797776	2.49	1	1.37248	1.32858	1.28469	0.0269863	6.6	0.0438933	1	Pod_width_2013	269417	TRUE	5.797776	TRUE
4665	12	235.825	12_33314925	2.25	1	1.36759	1.32523	1.28287	0.0271686	6	0.0423628	0.97	Pod_width_2013	269625	TRUE	33.314925	TRUE
5617	14	87.037	14_7379471-	2.38	1	1.36909	1.31987	1.27064	0.0270692	6.3	0.0492233	0.787	Pod_width_2013	270577	TRUE	7.379471	TRUE
6274	16	32.359	16_2460921	2.56	1	1.37139	1.32702	1.28265	0.0269399	6.8	0.0443701	1	Pod_width_2013	271234	TRUE	2.460921	TRUE
6405	16	127.116	16_19287190	3.15	1	1.37833	1.32852	1.2787	0.026504	8.3	0.0498164	0.987	Pod_width_2013	271365	TRUE	19.28719	TRUE
6449	16	159.816	16_30521457	3.77	1	1.37782	1.32293	1.26805	0.0260579	9.8	0.0548821	0.973	Pod_width_2013	271409	TRUE	30.521457	TRUE
7802	19	233.752	19_43138984	2.58	1	1.37259	1.32784	1.28309	0.0269198	6.8	0.0447502	0.995	Pod_width_2013	272762	TRUE	43.138984	TRUE
335	1	252.439	01_52952506	2.39	1	122.123	116.64	111.157	465.218	5.9	5.48322	1	Red_2012	273575	TRUE	52.952506	TRUE
438	2	32.887	02_3621233	3.12	1	121.99	115.755	109.521	456.587	7.7	6.23463	0.985	Red_2012	273678	TRUE	3.621233	TRUE
1532	5	103.525	05_5233971	2.38	1	121.378	115.941	110.503	465.318	5.9	5.43776	1	Red_2012	274772	TRUE	5.233971	TRUE
1586	5	144.74	05_20092309-05_27809193	2.3	1	121.939	116.256	110.574	466.284	5.7	5.68246	0.874	Red_2012	274826	TRUE	20.092309	TRUE
2858	8	101.934	08_9318625-08_9501864	19.5	1	130.273	116.252	102.231	300.3	39.3	14.0209	0.991	Red_2012	276098	TRUE	9.318625	TRUE
6059	15	186.516	15_15243362	2.2	1	122.244	116.947	111.649	467.446	5.5	5.29742	1	Red_2012	279299	TRUE	15.243362	TRUE
7221	18	177.874	18_19644341	2.04	1	121.036	115.998	110.959	469.416	5.1	5.03845	0.989	Red_2012	280461	TRUE	19.644341	TRUE
7294	18	223.504	18_44884534	2.18	1	121.789	116.558	111.327	467.647	5.4	5.23084	0.994	Red_2012	280534	TRUE	44.884534	TRUE
7315	18	238.36	18_49928560	2.32	1	121.455	116.122	110.789	466.069	5.8	5.33319	1	Red_2012	280555	TRUE	49.92856	TRUE
7562	19	54.59	19_7836156	2.08	1	121.228	116.04	110.852	468.886	5.2	5.1883	0.991	Red_2012	280802	TRUE	7.836156	TRUE
7590	19	78.851	19_24686974	2.5	1	121.837	116.218	110.599	463.863	6.2	5.619	0.982	Red_2012	280830	TRUE	24.686974	TRUE
7669	19	132.897	19_35362631	2.45	1	121.908	116.381	110.854	464.498	6.1	5.52714	0.992	Red_2012	280909	TRUE	35.362631	TRUE
419	2	18.214	02_2418026	2.44	1	1.5151	1.459	1.40289	0.0472491	6.1	0.0561016	0.987	Palmitic_acid_2012	281939	TRUE	2.418026	TRUE
508	2	87.52	02_8762391-02_9453902	2.63	1	1.51369	1.45384	1.394	0.0470185	6.6	0.0598451	0.974	Palmitic_acid_2012	282028	TRUE	8.762391	TRUE
686	2	226.159	02_40130569	2.04	1	1.50596	1.45423	1.4025	0.0477432	5.1	0.0517304	1	Palmitic_acid_2012	282206	TRUE	40.130569	TRUE
1796	5	308.998	05_40937664-05_41257560	2.07	1	1.50903	1.45391	1.39878	0.0477104	5.2	0.0551251	0.912	Palmitic_acid_2012	283316	TRUE	40.937664	TRUE
2089	6	220.397	06_18597849	7.82	1	1.38269	1.48127	1.57984	0.0411106	18.3	-0.0985719	0.993	Palmitic_acid_2012	283609	TRUE	18.597849	TRUE
2154	6	268.273	06_39743079	5.05	1	1.39212	1.47159	1.55106	0.0441699	12.2	-0.0794664	1	Palmitic_acid_2012	283674	TRUE	39.743079	TRUE
2830	8	80.663	08_7270752	7.8	1	1.54983	1.45285	1.35588	0.0411339	18.3	0.0969739	1	Palmitic_acid_2012	284350	TRUE	7.270752	TRUE
3205	9	32.954	09_2556374-09_2966837	2.37	1	1.51445	1.45681	1.39917	0.0473452	5.9	0.0576395	0.932	Palmitic_acid_2012	284725	TRUE	2.556374	TRUE
3930	10	277.335	10_45286714-10_48047954	2.75	1	1.52332	1.46184	1.40036	0.0468742	6.9	0.0614805	0.916	Palmitic_acid_2012	285450	TRUE	45.286714	TRUE
4259	11	202.816	11_12589601-11_12720084	2.35	1	1.52167	1.46637	1.41107	0.0473591	5.9	0.0552981	0.98	Palmitic_acid_2012	285779	TRUE	12.589601	TRUE
4935	13	100.293	13_18979888-13_19610335	3.03	1	1.53149	1.46693	1.40237	0.046539	7.5	0.0645571	0.922	Palmitic_acid_2012	286455	TRUE	18.979888	TRUE
5865	15	35.551	15_2321231-15_3380704	5.75	1	1.53551	1.44701	1.35852	0.0433706	13.8	0.0884959	0.93	Palmitic_acid_2012	287385	TRUE	2.321231	TRUE
6119	15	223.948	15_27888548	2.05	1	1.51241	1.45743	1.40244	0.0477293	5.2	0.054986	0.989	Palmitic_acid_2012	287639	TRUE	27.888548	TRUE
8046	20	80.344	20_4235913-20_4787436	8.65	1	1.57385	1.47025	1.36666	0.0402387	20.1	0.103598	0.961	Palmitic_acid_2012	289566	TRUE	4.235913	TRUE
8064	20	92.158	20_15449841-20_22632082	8.84	1	1.57528	1.47126	1.36725	0.0400465	20.4	0.104017	0.964	Palmitic_acid_2012	289584	TRUE	15.449841	TRUE
8084	20	107.37	20_20778524	8.6	1	1.573	1.47073	1.36847	0.0402928	19.9	0.102266	0.984	Palmitic_acid_2012	289604	TRUE	20.778524	TRUE
8128	20	135.955	20_30128509	8.78	1	1.56828	1.46597	1.36367	0.0401003	20.3	0.102303	0.99	Palmitic_acid_2012	289648	TRUE	30.128509	TRUE
8215	20	203.517	20_37787855	2.79	1	1.51378	1.45392	1.39405	0.0468255	7	0.0598658	1	Palmitic_acid_2012	289735	TRUE	37.787855	TRUE
4192	11	149.073	11_15414972-11_15070612	3.38	1	19.9876	21.0934	22.1992	12.1547	8.6	-1.10579	0.966	Seed_per_pod_3_2013	293992	TRUE	15.414972	TRUE
4333	11	260.618	11_29358002	2.72	1	20.1908	21.1681	22.1454	12.3722	7	-0.977321	1	Seed_per_pod_3_2013	294133	TRUE	29.358002	TRUE
5055	13	197.145	13_23924406-13_24016558	3.42	1	20.0645	21.1753	22.2862	12.1415	8.7	-1.11086	0.957	Seed_per_pod_3_2013	294855	TRUE	23.924406	TRUE
7589	19	78.837	19_23087203-19_24686974	2.43	1	20.3209	21.2483	22.1758	12.4675	6.3	-0.927491	0.981	Seed_per_pod_3_2013	297389	TRUE	23.087203	TRUE
7609	19	91.667	19_5031288	3.12	1	20.2196	21.2578	22.2959	12.2415	8	-1.03818	1	Seed_per_pod_3_2013	297409	TRUE	5.031288	TRUE
7681	19	142.677	19_35925150	4.54	1	19.9424	21.1904	22.4384	11.7852	11.4	-1.248	1	Seed_per_pod_3_2013	297481	TRUE	35.92515	TRUE
418	2	18.149	02_2149517-02_2418026	2.99	1	16.1369	17.8771	19.6173	28.4626	9.4	-1.74021	0.981	Pod_number_5_node_2013	298498	TRUE	2.149517	TRUE
1255	4	126.493	04_45355720	2.21	1	16.1988	17.6867	19.1746	29.2078	7	-1.48786	1	Pod_number_5_node_2013	299335	TRUE	45.35572	TRUE
3580	10	1.436	10_570120	2.17	1	19.1176	17.6336	16.1495	29.2392	6.9	1.48404	1	Pod_number_5_node_2013	301660	TRUE	0.57012	TRUE
4488	12	117.032	12_7054169	2.97	1	15.9873	17.6973	19.4072	28.4822	9.3	-1.70994	1	Pod_number_5_node_2013	302568	TRUE	7.054169	TRUE
4626	12	209.675	12_27006565	2.16	1	16.1766	17.6861	19.1957	29.2469	6.9	-1.50953	0.983	Pod_number_5_node_2013	302706	TRUE	27.006565	TRUE
4742	12	297.831	12_38723760	2.56	1	16.1559	17.7585	19.361	28.8703	8.1	-1.60255	0.997	Pod_number_5_node_2013	302822	TRUE	38.72376	TRUE
5348	13	414.176	13_37903175	3.03	1	15.883	17.6283	19.3736	28.4248	9.5	-1.74527	0.982	Pod_number_5_node_2013	303428	TRUE	37.903175	TRUE
6461	16	170.018	16_31358825-16_31560528	2.57	1	16.2273	17.87	19.5127	28.8557	8.1	-1.64275	0.97	Pod_number_5_node_2013	304541	TRUE	31.358825	TRUE
7589	19	78.837	19_23087203-19_24686974	2.21	1	16.2736	17.7836	19.2936	29.2034	7	-1.51001	0.981	Pod_number_5_node_2013	305669	TRUE	23.087203	TRUE
7607	19	90.473	19_5769433	2.22	1	16.3836	17.8997	19.4157	29.1957	7	-1.51608	0.995	Pod_number_5_node_2013	305687	TRUE	5.769433	TRUE
7636	19	107.995	19_29353848	2.19	1	16.4188	17.9104	19.402	29.2262	6.9	-1.49158	1	Pod_number_5_node_2013	305716	TRUE	29.353848	TRUE
7855	19	275.221	19_46856587	4.83	1	20.2606	18.0591	15.8575	26.7936	14.7	2.20157	1	Pod_number_5_node_2013	305935	TRUE	46.856587	TRUE
399	2	4.574	02_843536	2.45	1	14.3281	13.6773	13.0266	6.27359	6.1	0.650757	0.998	Petiole_length_2013	306759	TRUE	0.843536	TRUE
1591	5	149.279	05_27809193-	2.01	1	14.361	13.7532	13.1453	6.34514	5	0.607858	0.914	Petiole_length_2013	307951	TRUE	27.809193	TRUE
2507	7	163.171	07_15769765	2.52	1	14.3625	13.7129	13.0634	6.26271	6.2	0.649547	1	Petiole_length_2013	308867	TRUE	15.769765	TRUE
2567	7	209.345	07_26551205	3.63	1	14.4452	13.6691	12.8929	6.08686	8.9	0.776173	0.985	Petiole_length_2013	308927	TRUE	26.551205	TRUE
2595	7	228.564	07_35541403	2.48	1	14.3626	13.7092	13.0558	6.26975	6.1	0.653382	1	Petiole_length_2013	308955	TRUE	35.541403	TRUE
2821	8	74.834	08_6246524	3.22	1	14.4496	13.7156	12.9815	6.15129	7.9	0.73405	0.997	Petiole_length_2013	309181	TRUE	6.246524	TRUE
4351	12	12.251	12_925179	2.32	1	13.0875	13.7168	14.3462	6.29474	5.8	-0.629363	1	Petiole_length_2013	310711	TRUE	0.925179	TRUE
4759	12	312.029	12_37317751	4.88	1	14.5803	13.6882	12.7961	5.89584	11.7	0.892109	0.987	Petiole_length_2013	311119	TRUE	37.317751	TRUE
5368	13	427.565	13_39579307	3.01	1	14.4774	13.7686	13.0597	6.18403	7.4	0.708887	0.995	Petiole_length_2013	311728	TRUE	39.579307	TRUE
5969	15	113.457	15_9423838-15_9805981	7.68	1	14.7795	13.6716	12.5636	5.48876	17.8	1.10793	0.977	Petiole_length_2013	312329	TRUE	9.423838	TRUE
7114	18	104.126	18_6425494	3.21	1	14.489	13.7474	13.0058	6.15231	7.9	0.741573	0.999	Petiole_length_2013	313474	TRUE	6.425494	TRUE
2428	7	108.541	07_9162463	2.01	1	17.8621	16.4329	15.0037	37.3698	5	1.42923	0.972	Petiole_length_2012	317068	TRUE	9.162463	TRUE
7074	18	75.593	18_3972589	2.52	1	17.8544	16.2646	14.6748	36.8769	6.3	1.58978	1	Petiole_length_2012	321714	TRUE	3.972589	TRUE
326	1	246.517	01_51990189	3.46	1	10.5159	10.0608	9.60572	2.15977	8.5	0.455072	1	Leaf_length_2012	323246	TRUE	51.990189	TRUE
2874	8	114.23	08_10412148	2.4	1	10.4283	10.0517	9.67511	2.21974	6	0.376612	0.996	Leaf_length_2012	325794	TRUE	10.412148	TRUE
3663	10	72.61	10_3690505-10_3914161	2.14	1	10.4037	10.0376	9.67144	2.23431	5.4	0.366134	0.953	Leaf_length_2012	326583	TRUE	3.690505	TRUE
5975	15	117.232	15_9994099	5.69	1	10.5763	10.0058	9.43537	2.03961	13.6	0.570442	0.994	Leaf_length_2012	328895	TRUE	9.994099	TRUE
7012	18	24.554	18_1235391	2.36	1	10.3658	9.98462	9.60343	2.22163	5.9	0.381186	1	Leaf_length_2012	329932	TRUE	1.235391	TRUE
7123	18	110.853	18_7050498	2.06	1	10.3967	10.0427	9.68869	2.23919	5.2	0.35402	1	Leaf_length_2012	330043	TRUE	7.050498	TRUE
7954	20	9.973	20_516553	2.01	1	10.4346	10.0834	9.73222	2.2421	5	0.35119	0.973	Leaf_length_2012	330874	TRUE	0.516553	TRUE
989	3	211.616	03_40184961	2.28	1	9.61107	9.866	10.1209	0.964615	6.2	-0.254927	1	Leaf_length_2013	332189	TRUE	40.184961	TRUE
1794	5	306.998	05_40937664	2.58	1	10.0702	9.7941	9.51797	0.956654	7	0.276126	1	Leaf_length_2013	332994	TRUE	40.937664	TRUE
1866	6	42.801	06_3926786	2.29	1	9.60699	9.86126	10.1155	0.964327	6.2	-0.254269	1	Leaf_length_2013	333066	TRUE	3.926786	TRUE
2937	8	159.807	08_13936665	2	1	10.0544	9.81634	9.57826	0.972359	5.5	0.238083	1	Leaf_length_2013	334137	TRUE	13.936665	TRUE
3697	10	98.564	10_6889481	3.57	1	10.1655	9.84921	9.53295	0.930406	9.5	0.316259	1	Leaf_length_2013	334897	TRUE	6.889481	TRUE
4685	12	251.717	12_34488297-12_34620059	2.58	1	10.1249	9.84917	9.57343	0.956746	7	0.275749	0.958	Leaf_length_2013	335885	TRUE	34.488297	TRUE
5907	15	68.322	15_6037184	2.73	1	10.0949	9.81761	9.54032	0.952575	7.4	0.277288	1	Leaf_length_2013	337107	TRUE	6.037184	TRUE
5999	15	136.843	15_11693710	3.08	1	10.1509	9.85576	9.5606	0.943239	8.3	0.295161	1	Leaf_length_2013	337199	TRUE	11.69371	TRUE
7030	18	40.807	18_1826027-18_1935303	2.91	1	10.0907	9.80112	9.51155	0.947709	7.9	0.289571	0.988	Leaf_length_2013	338230	TRUE	1.826027	TRUE
7411	18	317.504	18_55172118	2.62	1	9.59071	9.86356	10.1364	0.955465	7.1	-0.272852	0.993	Leaf_length_2013	338611	TRUE	55.172118	TRUE
1858	6	36.446	06_3488983	2.73	1	1.72495	1.79805	1.87115	0.0661774	7.4	-0.0731011	0.996	Radio_leaf_length_width_2013	341338	TRUE	3.488983	TRUE
2250	6	342.484	06_49054075-06_49417463	3	1	1.87213	1.79289	1.71366	0.0656806	8.1	0.0792356	0.93	Radio_leaf_length_width_2013	341730	TRUE	49.054075	TRUE
4140	11	106.963	11_9174751	3.32	1	1.86841	1.78676	1.70512	0.0650961	8.9	0.0816464	0.994	Radio_leaf_length_width_2013	343620	TRUE	9.174751	TRUE
4226	11	173.466	11_25298311	2.46	1	1.86109	1.79175	1.72241	0.0666917	6.7	0.0693373	0.993	Radio_leaf_length_width_2013	343706	TRUE	25.298311	TRUE
4314	11	247.481	11_34632810	2.04	1	1.87017	1.80568	1.74119	0.0674663	5.6	0.064494	0.994	Radio_leaf_length_width_2013	343794	TRUE	34.63281	TRUE
4461	12	96.374	12_5932289	3.46	1	1.87751	1.79565	1.71379	0.0648339	9.3	0.0818616	0.995	Radio_leaf_length_width_2013	343941	TRUE	5.932289	TRUE
4688	12	253.817	12_34732042	2.36	1	1.86342	1.79514	1.72686	0.0668767	6.4	0.0682804	1	Radio_leaf_length_width_2013	344168	TRUE	34.732042	TRUE
4859	13	45.554	13_13930912	2.43	1	1.86199	1.79261	1.72322	0.066732	6.6	0.0693843	1	Radio_leaf_length_width_2013	344339	TRUE	13.930912	TRUE
5288	13	370.456	13_35473636	3.77	1	1.87815	1.79316	1.70817	0.0642784	10	0.0849894	1	Radio_leaf_length_width_2013	344768	TRUE	35.473636	TRUE
5591	14	64.485	14_6578257	2.11	1	1.72679	1.79144	1.85608	0.0673386	5.8	-0.0646443	0.99	Radio_leaf_length_width_2013	345071	TRUE	6.578257	TRUE
6425	16	141.582	16_27013749	4.92	1	1.68199	1.77966	1.87733	0.0622322	12.9	-0.0976729	0.998	Radio_leaf_length_width_2013	345905	TRUE	27.013749	TRUE
7876	19	290.524	19_48052139	3.46	1	1.70369	1.78641	1.86912	0.0648419	9.3	-0.0827161	0.987	Radio_leaf_length_width_2013	347356	TRUE	48.052139	TRUE
8139	20	143.307	20_31924120-20_32244031	2.09	1	1.85996	1.79522	1.73048	0.0673762	5.7	0.0647417	0.989	Radio_leaf_length_width_2013	347619	TRUE	31.92412	TRUE
42	1	31.358	01_1818967-01_2001706	2.53	1	7.01582	6.67718	6.33854	1.4804	6.3	0.338636	0.874	Leaf_width_2012	347802	TRUE	1.818967	TRUE
335	1	252.439	01_52952506	2.49	1	7.01025	6.6933	6.37635	1.482	6.2	0.316948	1	Leaf_width_2012	348095	TRUE	52.952506	TRUE
2826	8	77.659	08_6640926	2.95	1	6.96196	6.61674	6.27152	1.46449	7.3	0.34522	1	Leaf_width_2012	350586	TRUE	6.640926	TRUE
3335	9	127.077	09_17503297	2.17	1	6.95783	6.6596	6.36137	1.49403	5.4	0.298231	0.984	Leaf_width_2012	351095	TRUE	17.503297	TRUE
3364	9	147.63	09_28761437	2.01	1	6.95921	6.67652	6.39383	1.50049	5	0.282688	0.998	Leaf_width_2012	351124	TRUE	28.761437	TRUE
3395	9	170.527	09_33799475-	2	1	6.9585	6.65518	6.35187	1.5009	5	0.303314	0.865	Leaf_width_2012	351155	TRUE	33.799475	TRUE
4017	11	12.598	11_1926460	2.9	1	6.98422	6.64182	6.29943	1.46655	7.2	0.342395	0.994	Leaf_width_2012	351777	TRUE	1.92646	TRUE
5107	13	235.067	13_27372003	2.21	1	6.39168	6.71367	7.03567	1.49264	5.5	-0.321996	0.997	Leaf_width_2012	352867	TRUE	27.372003	TRUE
5975	15	117.232	15_9994099	4.22	1	7.03877	6.63309	6.22742	1.41744	10.3	0.405673	0.994	Leaf_width_2012	353735	TRUE	9.994099	TRUE
6421	16	138.673	16_26791104	2.34	1	6.99607	6.68902	6.38197	1.48775	5.8	0.30705	0.994	Leaf_width_2012	354181	TRUE	26.791104	TRUE
29	1	19.559	01_1338361-01_1482464	2.95	1	5.85053	5.61121	5.37189	0.626325	7.9	0.239323	0.965	Leaf_width_2013	356069	TRUE	1.338361	TRUE
1714	5	244.786	05_36851477-05_37156840	2.48	1	5.78188	5.55718	5.33249	0.634618	6.7	0.224692	0.933	Leaf_width_2013	357754	TRUE	36.851477	TRUE
3335	9	127.077	09_17503297	2.23	1	5.7961	5.58898	5.38186	0.639038	6.1	0.207119	0.984	Leaf_width_2013	359375	TRUE	17.503297	TRUE
3359	9	143.447	09_28486029	2.24	1	5.81265	5.60169	5.39072	0.63889	6.1	0.210964	0.983	Leaf_width_2013	359399	TRUE	28.486029	TRUE
3420	9	191.551	09_35873104-09_37357930	2.09	1	5.79865	5.5899	5.38114	0.641637	5.7	0.208752	0.883	Leaf_width_2013	359460	TRUE	35.873104	TRUE
3506	9	263.279	09_43711049-09_44197778	2.58	1	5.79764	5.57095	5.34425	0.632881	7	0.226695	0.939	Leaf_width_2013	359546	TRUE	43.711049	TRUE
4167	11	127.866	11_10519451-11_10211933	2.27	1	5.39389	5.6059	5.81791	0.638304	6.2	-0.21201	0.955	Leaf_width_2013	360207	TRUE	10.519451	TRUE
4226	11	173.466	11_25298311	2.21	1	5.3923	5.59545	5.7986	0.639489	6	-0.203146	0.993	Leaf_width_2013	360266	TRUE	25.298311	TRUE
5288	13	370.456	13_35473636	3.04	1	5.35436	5.59108	5.8278	0.624701	8.2	-0.23672	1	Leaf_width_2013	361328	TRUE	35.473636	TRUE
5920	15	77.022	15_6671036	3.18	1	5.81078	5.56905	5.32731	0.622253	8.5	0.241735	1	Leaf_width_2013	361960	TRUE	6.671036	TRUE
6421	16	138.673	16_26791104	6.07	1	5.94885	5.61895	5.28905	0.573776	15.7	0.329901	0.994	Leaf_width_2013	362461	TRUE	26.791104	TRUE
7539	19	38.213	19_2405229-19_2680406	2.14	1	5.78682	5.5789	5.37098	0.640772	5.8	0.207922	0.908	Leaf_width_2013	363579	TRUE	2.405229	TRUE
7876	19	290.524	19_48052139	2.38	1	5.82154	5.60818	5.39483	0.636377	6.5	0.213353	0.987	Leaf_width_2013	363916	TRUE	48.052139	TRUE
334	1	251.942	01_52996367-01_52952506	3.21	1	75.2491	68.7061	62.1631	473.394	7.9	6.54296	0.967	Leaf_area_2012	372934	TRUE	52.996367	TRUE
2828	8	79.165	08_6777397	2.77	1	73.3967	67.3579	61.3191	478.811	6.8	6.03879	0.994	Leaf_area_2012	375428	TRUE	6.777397	TRUE
3660	10	70.047	10_3383200	2.27	1	73.3356	67.9267	62.5178	484.927	5.6	5.40889	1	Leaf_area_2012	376260	TRUE	3.3832	TRUE
5975	15	117.232	15_9994099	5.35	1	75.763	67.6051	59.4472	448.163	12.8	8.15792	0.994	Leaf_area_2012	378575	TRUE	9.994099	TRUE
30	1	20.056	01_1482464	3.39	1	25.0138	23.6432	22.2727	19.4256	8.7	1.37057	1	Leaf_area_2013	380910	TRUE	1.482464	TRUE
5918	15	75.504	15_6651199	3.22	1	24.7063	23.3673	22.0282	19.5133	8.3	1.33908	1	Leaf_area_2013	386798	TRUE	6.651199	TRUE
5999	15	136.843	15_11693710	3.42	1	24.9084	23.5318	22.1553	19.4099	8.7	1.37652	1	Leaf_area_2013	386879	TRUE	11.69371	TRUE
6400	16	123.922	16_16264322	2.04	1	24.6355	23.5517	22.4678	20.1382	5.3	1.08384	0.999	Leaf_area_2013	387280	TRUE	16.264322	TRUE
6420	16	138.284	16_24928269-16_26791104	2.89	1	24.8817	23.5973	22.3129	19.6843	7.5	1.28439	0.972	Leaf_area_2013	387300	TRUE	24.928269	TRUE
7009	18	21.914	18_1051123	2.52	1	24.5327	23.3392	22.1458	19.8799	6.5	1.19348	0.997	Leaf_area_2013	387889	TRUE	1.051123	TRUE
734	3	13.983	03_314515-03_214333	2.09	1	1.41214	1.45966	1.50719	0.0365446	5.3	-0.0475288	0.912	Linolenic_acid_2012	389894	TRUE	0.314515	TRUE
2089	6	220.397	06_18597849	9.85	1	1.38109	1.47671	1.57232	0.0299004	22.5	-0.095615	0.993	Linolenic_acid_2012	391249	TRUE	18.597849	TRUE
2158	6	271.344	06_42113786	5.99	1	1.3867	1.46117	1.53565	0.0330371	14.4	-0.0744778	1	Linolenic_acid_2012	391318	TRUE	42.113786	TRUE
2852	8	97.096	08_9020859-08_9336594	5.13	1	1.52337	1.4511	1.37883	0.0337792	12.4	0.0722742	0.944	Linolenic_acid_2012	392012	TRUE	9.020859	TRUE
2967	8	182.418	08_15915971-08_16468004	2.24	1	1.50099	1.45257	1.40415	0.0364025	5.6	0.048418	0.959	Linolenic_acid_2012	392127	TRUE	15.915971	TRUE
3204	9	31.954	09_2556374	5.09	1	1.52031	1.44997	1.37963	0.0338172	12.3	0.0703372	1	Linolenic_acid_2012	392364	TRUE	2.556374	TRUE
4792	12	338.142	12_35571238-12_35756931	2.13	1	1.40989	1.45661	1.50333	0.0365063	5.4	-0.0467203	0.958	Linolenic_acid_2012	393952	TRUE	35.571238	TRUE
5864	15	34.551	15_2321231-15_3380704	2.07	1	1.49766	1.45013	1.4026	0.0365704	5.2	0.0475305	0.928	Linolenic_acid_2012	395024	TRUE	2.321231	TRUE
6579	17	22.123	17_138125	2	1	1.50611	1.46166	1.41721	0.0366329	5	0.0444529	1	Linolenic_acid_2012	395739	TRUE	0.138125	TRUE
6780	17	171.394	17_13134063-17_13378635	2.16	1	1.41706	1.46488	1.5127	0.0364804	5.4	-0.0478213	0.936	Linolenic_acid_2012	395940	TRUE	13.134063	TRUE
8028	20	69.367	20_2916159	5.38	1	1.53545	1.46387	1.3923	0.0335686	13	0.0715742	0.991	Linolenic_acid_2012	397188	TRUE	2.916159	TRUE
8070	20	96.148	20_18784152	5.05	1	1.53154	1.46234	1.39313	0.033854	12.2	0.0692042	0.995	Linolenic_acid_2012	397230	TRUE	18.784152	TRUE
8107	20	121.683	20_25768829	4.33	1	1.52839	1.46387	1.39936	0.034487	10.6	0.0645134	0.995	Linolenic_acid_2012	397267	TRUE	25.768829	TRUE
8152	20	151.337	20_33507017	4.09	1	1.52002	1.45761	1.39521	0.034707	10	0.0624035	1	Linolenic_acid_2012	397312	TRUE	33.507017	TRUE
2088	6	219.722	06_17830223-06_18597849	5.92	1	1.90787	2.11942	2.33098	0.248717	14.2	-0.211554	0.958	Oleic_acid_2012	399528	TRUE	17.830223	TRUE
2154	6	268.273	06_39743079	4.79	1	1.91704	2.10305	2.28905	0.256144	11.6	-0.186005	1	Oleic_acid_2012	399594	TRUE	39.743079	TRUE
2831	8	81.663	08_7270752-08_6790859	8.27	1	2.30434	2.05332	1.8023	0.234075	19.3	0.251023	0.954	Oleic_acid_2012	400271	TRUE	7.270752	TRUE
2969	8	183.557	08_16764000	2.05	1	2.19488	2.07178	1.94868	0.27495	5.2	0.123098	1	Oleic_acid_2012	400409	TRUE	16.764	TRUE
4028	11	21.126	11_2479586-11_3045393	2.43	1	2.20006	2.06022	1.92039	0.272224	6.1	0.139833	0.939	Oleic_acid_2012	401468	TRUE	2.479586	TRUE
4910	13	80.799	13_17332788	2.84	1	2.22962	2.08539	1.94116	0.269352	7.1	0.144231	1	Oleic_acid_2012	402350	TRUE	17.332788	TRUE
5886	15	51.149	15_4573538	9.19	1	2.29534	2.04403	1.79273	0.228566	21.2	0.251302	1	Oleic_acid_2012	403326	TRUE	4.573538	TRUE
6050	15	178.904	15_14363272-15_14527333	2.52	1	2.23229	2.0914	1.9505	0.271589	6.3	0.140899	0.936	Oleic_acid_2012	403490	TRUE	14.363272	TRUE
6119	15	223.948	15_27888548	2.18	1	2.20511	2.06922	1.93332	0.274005	5.5	0.1359	0.989	Oleic_acid_2012	403559	TRUE	27.888548	TRUE
6179	15	268.989	15_48256093	2.88	1	2.23405	2.08869	1.94332	0.269059	7.2	0.145366	1	Oleic_acid_2012	403619	TRUE	48.256093	TRUE
8028	20	69.367	20_2916159	4.92	1	2.28417	2.09586	1.90754	0.255236	12	0.188312	0.991	Oleic_acid_2012	405468	TRUE	2.916159	TRUE
8083	20	107.172	20_24388175-20_20778524	4.37	1	2.27735	2.09658	1.91581	0.258889	10.7	0.180769	0.967	Oleic_acid_2012	405523	TRUE	24.388175	TRUE
8128	20	135.955	20_30128509	4.96	1	2.27732	2.08827	1.89921	0.254965	12.1	0.189056	0.99	Oleic_acid_2012	405568	TRUE	30.128509	TRUE
8215	20	203.517	20_37787855	2.68	1	2.20235	2.06159	1.92083	0.270519	6.7	0.140762	1	Oleic_acid_2012	405655	TRUE	37.787855	TRUE
405	2	9.056	02_1417421	2.06	1	7.21405	6.96191	6.70976	1.14416	5.2	0.252146	1	Linoleic_acid_2012	406125	TRUE	1.417421	TRUE
507	2	86.52	02_8762391-02_9453902	2.69	1	7.24586	6.94761	6.64935	1.12555	6.7	0.298255	0.953	Linoleic_acid_2012	406227	TRUE	8.762391	TRUE
688	2	228.159	02_40130569-02_40934117	2.35	1	7.22459	6.93631	6.64803	1.13535	5.9	0.288279	0.905	Linoleic_acid_2012	406408	TRUE	40.130569	TRUE
2088	6	219.722	06_17830223-06_18597849	11.64	1	6.50784	7.09168	7.67551	0.892921	26	-0.583835	0.958	Linoleic_acid_2012	407808	TRUE	17.830223	TRUE
2154	6	268.273	06_39743079	7.03	1	6.58628	7.03977	7.49325	1.00595	16.6	-0.453483	1	Linoleic_acid_2012	407874	TRUE	39.743079	TRUE
2189	6	292.516	06_45200816	2.66	1	6.71846	7.00663	7.29479	1.12626	6.7	-0.288165	1	Linoleic_acid_2012	407909	TRUE	45.200816	TRUE
2836	8	84.596	08_7612869-08_7656665	8.69	1	7.44117	6.93753	6.43388	0.963824	20.1	0.503646	0.976	Linoleic_acid_2012	408556	TRUE	7.612869	TRUE
3205	9	32.954	09_2556374-09_2966837	4.43	1	7.33133	6.95014	6.56894	1.07598	10.8	0.381196	0.932	Linoleic_acid_2012	408925	TRUE	2.556374	TRUE
3932	10	279.335	10_45286714-	2.14	1	7.27172	6.98378	6.69585	1.14152	5.4	0.287933	0.789	Linoleic_acid_2012	409652	TRUE	45.286714	TRUE
4202	11	155.446	11_12818547	2.03	1	7.27096	7.01691	6.76286	1.14505	5.1	0.25405	0.995	Linoleic_acid_2012	409922	TRUE	12.818547	TRUE
4271	11	212.124	11_29740152	2.99	1	7.32139	7.01511	6.70883	1.11696	7.4	0.30628	0.983	Linoleic_acid_2012	409991	TRUE	29.740152	TRUE
4289	11	229.905	11_23410980-11_30801943	3.07	1	7.32704	7.01933	6.71163	1.11452	7.6	0.307706	0.983	Linoleic_acid_2012	410009	TRUE	23.41098	TRUE
4934	13	99.293	13_18979888-13_19610335	4.37	1	7.38744	7.01334	6.63923	1.07769	10.7	0.374109	0.934	Linoleic_acid_2012	410654	TRUE	18.979888	TRUE
5886	15	51.149	15_4573538	7.34	1	7.38203	6.91851	6.455	0.997957	17.3	0.463517	1	Linoleic_acid_2012	411606	TRUE	4.573538	TRUE
6582	17	24.847	17_385142-17_186402	2.28	1	7.27141	7.00256	6.73371	1.13744	5.7	0.268852	0.973	Linoleic_acid_2012	412302	TRUE	0.385142	TRUE
7959	20	13.672	20_529767	4.45	1	7.38756	7.0179	6.64823	1.07545	10.9	0.369666	1	Linoleic_acid_2012	413679	TRUE	0.529767	TRUE
8058	20	87.689	20_23793402	8.37	1	7.50336	7.00746	6.51156	0.971749	19.5	0.495899	0.991	Linoleic_acid_2012	413778	TRUE	23.793402	TRUE
8078	20	103.851	20_7276854	8.14	1	7.48853	7.00565	6.52276	0.977591	19	0.482885	0.995	Linoleic_acid_2012	413798	TRUE	7.276854	TRUE
8126	20	134.462	20_30168091	7.97	1	7.4576	6.98349	6.50937	0.981918	18.6	0.474113	1	Linoleic_acid_2012	413846	TRUE	30.168091	TRUE
8215	20	203.517	20_37787855	2.33	1	7.21827	6.94957	6.68087	1.13599	5.9	0.268703	1	Linoleic_acid_2012	413935	TRUE	37.787855	TRUE
2088	6	219.722	06_17830223-06_18597849	10.52	1	0.361799	0.402189	0.442578	0.00479809	23.8	-0.0403893	0.958	Stearic_acid_2012	416088	TRUE	17.830223	TRUE
2154	6	268.273	06_39743079	8.42	1	0.363524	0.399066	0.434608	0.0050667	19.6	-0.0355417	1	Stearic_acid_2012	416154	TRUE	39.743079	TRUE
2199	6	299.075	06_45736481	3.7	1	0.37168	0.396084	0.420488	0.00572431	9.1	-0.0244042	0.99	Stearic_acid_2012	416199	TRUE	45.736481	TRUE
2823	8	75.47	08_6358789	5.34	1	0.423117	0.394094	0.365072	0.00548666	12.9	0.0290227	0.998	Stearic_acid_2012	416823	TRUE	6.358789	TRUE
3204	9	31.954	09_2556374	2.84	1	0.413961	0.392409	0.370858	0.0058526	7.1	0.0215517	1	Stearic_acid_2012	417204	TRUE	2.556374	TRUE
4334	12	0	12_30865	2.35	1	0.413796	0.39424	0.374684	0.00592728	5.9	0.019556	0.992	Stearic_acid_2012	418334	TRUE	0.030865	TRUE
4663	12	234.754	12_33283015	2.02	1	0.413045	0.394765	0.376485	0.00597863	5.1	0.0182801	1	Stearic_acid_2012	418663	TRUE	33.283015	TRUE
4910	13	80.799	13_17332788	3.21	1	0.418127	0.39558	0.373032	0.00579713	8	0.0225473	1	Stearic_acid_2012	418910	TRUE	17.332788	TRUE
5645	14	110.382	14_12287027-14_12526545	6.03	1	0.424199	0.393808	0.363417	0.00539024	14.4	0.0303909	0.983	Stearic_acid_2012	419645	TRUE	12.287027	TRUE
5666	14	124.48	14_22031316	5.26	1	0.421356	0.392629	0.363902	0.00549739	12.7	0.0287271	0.997	Stearic_acid_2012	419666	TRUE	22.031316	TRUE
5703	14	146.96	14_37869625-14_39619228	4.63	1	0.41866	0.39049	0.362321	0.00558798	11.3	0.0281695	0.939	Stearic_acid_2012	419703	TRUE	37.869625	TRUE
5735	14	173.929	14_43301180-14_44007177	3.31	1	0.41702	0.393372	0.369724	0.00578192	8.2	0.0236483	0.943	Stearic_acid_2012	419735	TRUE	43.30118	TRUE
5886	15	51.149	15_4573538	4.87	1	0.41858	0.39087	0.36316	0.00555371	11.8	0.0277096	1	Stearic_acid_2012	419886	TRUE	4.573538	TRUE
6856	17	224.785	17_32886923	3.09	1	0.373689	0.395819	0.417949	0.00581585	7.7	-0.0221302	1	Stearic_acid_2012	420856	TRUE	32.886923	TRUE
8028	20	69.367	20_2916159	6.75	1	0.42953	0.39741	0.365291	0.00529078	16	0.0321194	0.991	Stearic_acid_2012	422028	TRUE	2.916159	TRUE
8065	20	92.651	20_22632082	7.74	1	0.431771	0.397575	0.36338	0.00515676	18.1	0.0341954	0.993	Stearic_acid_2012	422065	TRUE	22.632082	TRUE
8141	20	144.078	20_32381606	7.15	1	0.42998	0.396945	0.363911	0.00523613	16.9	0.0330346	0.989	Stearic_acid_2012	422141	TRUE	32.381606	TRUE
5	1	2.233	01_123502	2.44	1	42.3248	39.3795	36.4342	127.684	6.1	2.94532	0.978	Node_length_middle_5_2012	422285	TRUE	0.123502	TRUE
295	1	221.499	01_50956517	2.05	1	41.8337	39.1717	36.5098	128.992	5.2	2.66195	0.999	Node_length_middle_5_2012	422575	TRUE	50.956517	TRUE
4314	11	247.481	11_34632810	2.25	1	35.7651	38.5931	41.421	128.338	5.6	-2.82799	0.994	Node_length_middle_5_2012	426594	TRUE	34.63281	TRUE
5020	13	170.318	13_22588038	2.04	1	36.2063	38.8867	41.5671	129.028	5.1	-2.68039	1	Node_length_middle_5_2012	427300	TRUE	22.588038	TRUE
5293	13	374.141	13_35359072	6.06	1	34.3927	38.9276	43.4625	116.27	14.5	-4.53488	0.99	Node_length_middle_5_2012	427573	TRUE	35.359072	TRUE
101	1	77.611	01_5270158	2.19	1	40.974	38.7055	36.437	77.7576	6.1	2.26851	1	Node_length_middle_5_2013	430661	TRUE	5.270158	TRUE
159	1	119.598	01_14785121	2.45	1	40.922	38.4848	36.0476	77.2011	6.8	2.43716	0.99	Node_length_middle_5_2013	430719	TRUE	14.785121	TRUE
177	1	131.673	01_26612093	2.14	1	40.8677	38.6082	36.3487	77.8795	5.9	2.25949	1	Node_length_middle_5_2013	430737	TRUE	26.612093	TRUE
2391	7	80.42	07_5770541	3.74	1	36.0081	38.931	41.8539	74.3881	10.2	-2.92287	0.997	Node_length_middle_5_2013	432951	TRUE	5.770541	TRUE
2644	7	268.801	07_38110956-07_38592972	2.24	1	36.7185	39.0849	41.4512	77.6573	6.2	-2.36631	0.916	Node_length_middle_5_2013	433204	TRUE	38.110956	TRUE
4462	12	97.374	12_5932289-12_6175142	2.55	1	36.3357	38.8244	41.313	76.9806	7	-2.48864	0.945	Node_length_middle_5_2013	435022	TRUE	5.932289	TRUE
5287	13	369.544	13_35117884-13_35473636	2.84	1	36.1576	38.7615	41.3654	76.3292	7.8	-2.60387	0.967	Node_length_middle_5_2013	435847	TRUE	35.117884	TRUE
7848	19	268.562	19_45523455	4.41	1	35.0778	38.2929	41.508	72.9873	11.8	-3.21507	0.993	Node_length_middle_5_2013	438408	TRUE	45.523455	TRUE
150	1	113.477	01_14785217	2.02	1	15.3251	14.7558	14.1866	5.71882	5	0.569271	0.969	Oil_2011	438990	TRUE	14.785217	TRUE
407	2	10.269	02_1339330	2.29	1	15.3499	14.7577	14.1656	5.67916	5.7	0.592111	0.995	Oil_2011	439247	TRUE	1.33933	TRUE
2087	6	218.722	06_17830223-06_18597849	11.24	1	13.7463	15.0241	16.302	4.51684	25	-1.27784	0.951	Oil_2011	440927	TRUE	17.830223	TRUE
2154	6	268.273	06_39743079	8.59	1	13.8329	14.9348	16.0367	4.83319	19.7	-1.1019	1	Oil_2011	440994	TRUE	39.743079	TRUE
2196	6	297.713	06_45921790	3.51	1	14.1229	14.853	15.5831	5.50406	8.6	-0.73012	1	Oil_2011	441036	TRUE	45.92179	TRUE
2836	8	84.596	08_7612869-08_7656665	4.11	1	15.5366	14.7449	13.9531	5.42105	10	0.791751	0.976	Oil_2011	441676	TRUE	7.612869	TRUE
3205	9	32.954	09_2556374-09_2966837	4.77	1	15.6044	14.7268	13.8492	5.3298	11.5	0.877607	0.932	Oil_2011	442045	TRUE	2.556374	TRUE
4935	13	100.293	13_18979888-13_19610335	3.43	1	15.6268	14.8816	14.1363	5.51624	8.4	0.745256	0.922	Oil_2011	443775	TRUE	18.979888	TRUE
5210	13	309.371	13_31778254-13_32041131	2.09	1	15.425	14.8464	14.2678	5.70787	5.2	0.578566	0.946	Oil_2011	444050	TRUE	31.778254	TRUE
5863	15	33.551	15_2321231	4.38	1	15.5004	14.6757	13.851	5.38304	10.6	0.824708	0.979	Oil_2011	444703	TRUE	2.321231	TRUE
6797	17	184.567	17_13632893	2.23	1	14.294	14.8805	15.467	5.68766	5.5	-0.5865	0.991	Oil_2011	445637	TRUE	13.632893	TRUE
6826	17	204.125	17_26599190	2.57	1	14.2526	14.8787	15.5047	5.63862	6.4	-0.62604	0.993	Oil_2011	445666	TRUE	26.59919	TRUE
6856	17	224.785	17_32886923	2.72	1	14.199	14.8388	15.4787	5.61685	6.7	-0.639861	1	Oil_2011	445696	TRUE	32.886923	TRUE
8047	20	80.753	20_4787436	8.52	1	16.0243	14.9222	13.8201	4.84234	19.6	1.10213	0.988	Oil_2011	446887	TRUE	4.787436	TRUE
8083	20	107.172	20_24388175-20_20778524	7.65	1	15.9739	14.9105	13.8471	4.95114	17.8	1.06339	0.967	Oil_2011	446923	TRUE	24.388175	TRUE
8142	20	145.078	20_32381606-20_32827066	8.21	1	16.0028	14.9109	13.819	4.88127	18.9	1.09188	0.972	Oil_2011	446982	TRUE	32.381606	TRUE
507	2	86.52	02_8762391-02_9453902	2.31	1	12.7853	12.3003	11.8154	3.49737	5.8	0.484954	0.953	Oil_MRI_2012	447627	TRUE	8.762391	TRUE
687	2	227.159	02_40130569-02_40934117	2.11	1	12.7556	12.2867	11.8178	3.51584	5.3	0.468879	0.931	Oil_MRI_2012	447807	TRUE	40.130569	TRUE
2088	6	219.722	06_17830223-06_18597849	12.2	1	11.5153	12.5582	13.6012	2.7119	26.9	-1.04295	0.958	Oil_MRI_2012	449208	TRUE	17.830223	TRUE
2154	6	268.273	06_39743079	7.18	1	11.6544	12.4546	13.2548	3.08579	16.9	-0.800166	1	Oil_MRI_2012	449274	TRUE	39.743079	TRUE
2189	6	292.516	06_45200816	2.87	1	11.8768	12.3989	12.9209	3.44746	7.1	-0.522083	1	Oil_MRI_2012	449309	TRUE	45.200816	TRUE
2831	8	81.663	08_7270752-08_6790859	9.34	1	13.2025	12.2563	11.3102	2.91886	21.4	0.946156	0.954	Oil_MRI_2012	449951	TRUE	7.270752	TRUE
2969	8	183.557	08_16764000	2.5	1	12.816	12.3318	11.8477	3.47994	6.2	0.484123	1	Oil_MRI_2012	450089	TRUE	16.764	TRUE
3204	9	31.954	09_2556374	3.7	1	12.8858	12.2936	11.7014	3.37449	9.1	0.592207	1	Oil_MRI_2012	450324	TRUE	2.556374	TRUE
3932	10	279.335	10_45286714-	2.15	1	12.8671	12.3637	11.8603	3.51222	5.4	0.503389	0.789	Oil_MRI_2012	451052	TRUE	45.286714	TRUE
4934	13	99.293	13_18979888-	4.03	1	13.0444	12.4143	11.7841	3.34578	9.9	0.630165	0.934	Oil_MRI_2012	452054	TRUE	18.979888	TRUE
5886	15	51.149	15_4573538	8.42	1	13.1062	12.2445	11.3829	2.98893	19.5	0.861664	1	Oil_MRI_2012	453006	TRUE	4.573538	TRUE
6052	15	180.811	15_14527333	2.24	1	12.8493	12.3863	11.9233	3.50357	5.6	0.463003	0.986	Oil_MRI_2012	453172	TRUE	14.527333	TRUE
6583	17	25.276	17_186402	2.15	1	12.841	12.3899	11.9387	3.51187	5.4	0.45113	1	Oil_MRI_2012	453703	TRUE	0.186402	TRUE
6989	18	5.506	18_143167	2.02	1	12.7591	12.3208	11.8826	3.52327	5.1	0.438232	0.999	Oil_MRI_2012	454109	TRUE	0.143167	TRUE
8046	20	80.344	20_4235913-20_4787436	9.02	1	13.3451	12.4406	11.5362	2.94264	20.7	0.904417	0.961	Oil_MRI_2012	455166	TRUE	4.235913	TRUE
8065	20	92.651	20_22632082	8.89	1	13.3203	12.4388	11.5572	2.95268	20.4	0.881517	0.993	Oil_MRI_2012	455185	TRUE	22.632082	TRUE
8127	20	135.024	20_30168088	8.64	1	13.2516	12.389	11.5263	2.97198	19.9	0.86266	1	Oil_MRI_2012	455247	TRUE	30.168088	TRUE
8215	20	203.517	20_37787855	3.13	1	12.8353	12.2941	11.7529	3.42441	7.7	0.541175	1	Oil_MRI_2012	455335	TRUE	37.787855	TRUE
4450	12	88.478	12_5520945	7.21	1	112.812	134.911	157.01	2353.54	16.9	-22.0989	0.999	Plant_height_2011	459850	TRUE	5.520945	TRUE
5335	13	403.611	13_37124254	3.65	1	118.905	134.869	150.834	2578.31	8.9	-15.9645	0.999	Plant_height_2011	460735	TRUE	37.124254	TRUE
5696	14	141.556	14_17884446	2.74	1	147.852	133.817	119.782	2639.02	6.8	14.0349	0.994	Plant_height_2011	461096	TRUE	17.884446	TRUE
7825	19	250.12	19_44507961	9.85	1	107.857	133.229	158.602	2199.81	22.3	-25.3728	0.992	Plant_height_2011	463225	TRUE	44.507961	TRUE
417	2	17.149	02_2149517-02_2418026	2.26	1	121.151	133.381	145.612	2327.23	5.7	-12.2307	0.931	Plant_height_2012	464097	TRUE	2.149517	TRUE
4427	12	71.293	12_4607427	4.36	1	116.046	132.281	148.516	2203.95	10.7	-16.2351	1	Plant_height_2012	468107	TRUE	4.607427	TRUE
5293	13	374.141	13_35359072	3.97	1	116.327	132.158	147.988	2226.74	9.8	-15.8305	0.99	Plant_height_2012	468973	TRUE	35.359072	TRUE
6934	17	292.285	17_39491278	2.07	1	145.04	133.627	122.214	2338.78	5.2	11.4132	0.991	Plant_height_2012	470614	TRUE	39.491278	TRUE
7337	18	256.197	18_50504231-18_56707058	2.23	1	116.987	133.538	150.089	2328.98	5.6	-16.5508	0.539	Plant_height_2012	471017	TRUE	50.504231	TRUE
7826	19	251.024	19_44443198	9.99	1	106.114	129.966	153.818	1905.66	22.8	-23.8524	1	Plant_height_2012	471506	TRUE	44.443198	TRUE
8106	20	121.336	20_26567270	2.1	1	119.943	131.479	143.016	2337.16	5.3	-11.5363	1	Plant_height_2012	471786	TRUE	26.56727	TRUE
399	2	4.574	02_843536	2.57	1	112.808	124.221	135.635	1637.2	7.1	-11.4136	0.998	Plant_height_2013	472359	TRUE	0.843536	TRUE
2394	7	83.42	07_5770541-07_6363160	2.23	1	113.278	123.977	134.676	1653.15	6.2	-10.6988	0.96	Plant_height_2013	474354	TRUE	5.770541	TRUE
4445	12	83.743	12_5345648	6.3	1	106.266	123.404	140.541	1471.78	16.5	-17.1375	0.998	Plant_height_2013	476405	TRUE	5.345648	TRUE
5348	13	414.176	13_37903175	2.23	1	111.898	122.483	133.068	1653.4	6.2	-10.585	0.982	Plant_height_2013	477308	TRUE	37.903175	TRUE
5658	14	119.788	14_21836265	2.03	1	133.066	122.942	112.817	1662.68	5.6	10.1244	0.986	Plant_height_2013	477618	TRUE	21.836265	TRUE
7848	19	268.562	19_45523455	11.26	1	96.2311	118.85	141.47	1276.81	27.5	-22.6193	0.993	Plant_height_2013	479808	TRUE	45.523455	TRUE
3881	10	236.57	10_41559221-10_41632835	2.6	1	50.3448	43.9674	37.5901	562.943	6.5	6.37735	0.966	Plant_height_Fuzhou_2019	484121	TRUE	41.559221	TRUE
3994	10	329.132	10_50468065	2.08	1	49.7064	44.0652	38.4241	570.509	5.3	5.64113	0.999	Plant_height_Fuzhou_2019	484234	TRUE	50.468065	TRUE
4046	11	34.181	11_4411768	2.51	1	49.7367	43.499	37.2613	564.199	6.3	6.23769	1	Plant_height_Fuzhou_2019	484286	TRUE	4.411768	TRUE
4917	13	86.775	13_17395145	2.09	1	50.2868	44.5818	38.8767	570.371	5.3	5.70509	1	Plant_height_Fuzhou_2019	485157	TRUE	17.395145	TRUE
5707	14	150.626	14_39975933	2.51	1	49.5593	43.2094	36.8594	564.217	6.3	6.34995	0.994	Plant_height_Fuzhou_2019	485947	TRUE	39.975933	TRUE
6235	16	1.212	16_285638	2.46	1	49.8384	43.622	37.4056	564.945	6.2	6.2164	0.996	Plant_height_Fuzhou_2019	486475	TRUE	0.285638	TRUE
7490	18	376.69	18_51519853-18_51579762	3.03	1	38.2377	45.3158	52.394	556.621	7.6	-7.07812	0.938	Plant_height_Fuzhou_2019	487730	TRUE	51.519853	TRUE
7527	19	28.953	19_1353843-19_2167576	2.79	1	36.7793	43.6658	50.5523	560.093	7	-6.88646	0.897	Plant_height_Fuzhou_2019	487767	TRUE	1.353843	TRUE
7562	19	54.59	19_7836156	2.52	1	37.8251	44.1646	50.504	564.079	6.3	-6.33943	0.991	Plant_height_Fuzhou_2019	487802	TRUE	7.836156	TRUE
7576	19	66.529	19_23378924-19_22367997	2.51	1	37.9304	44.5035	51.0766	564.276	6.3	-6.57306	0.905	Plant_height_Fuzhou_2019	487816	TRUE	23.378924	TRUE
7825	19	250.12	19_44507961	8.25	1	31.8484	42.7685	53.6886	485.986	19.3	-10.9201	0.992	Plant_height_Fuzhou_2019	488065	TRUE	44.507961	TRUE
103	1	79.52	01_5510251-01_5689603	2.27	1	76.5427	70.1394	63.7361	575.78	6.4	6.40331	0.977	Plant_height_0812_2013	488623	TRUE	5.510251	TRUE
128	1	97.051	01_17620787-01_17043541	2.07	1	75.6577	69.4833	63.3089	579.111	5.9	6.17437	0.978	Plant_height_0812_2013	488648	TRUE	17.620787	TRUE
181	1	134.648	01_27245301	2.12	1	76.0165	69.8297	63.6429	578.327	6	6.18679	0.995	Plant_height_0812_2013	488701	TRUE	27.245301	TRUE
512	2	90.254	02_9589557	2.22	1	64.1824	70.5047	76.8271	576.596	6.3	-6.32236	0.985	Plant_height_0812_2013	489032	TRUE	9.589557	TRUE
2364	7	58.048	07_4527085	3.07	1	63.7239	70.9998	78.2758	562.411	8.6	-7.27594	1	Plant_height_0812_2013	490884	TRUE	4.527085	TRUE
2766	8	32.204	08_2212199	2.45	1	64.0011	70.5709	77.1406	572.788	6.9	-6.56974	0.995	Plant_height_0812_2013	491286	TRUE	2.212199	TRUE
2915	8	143.007	08_12381914	2.8	1	63.7441	70.7611	77.7781	566.876	7.8	-7.01699	1	Plant_height_0812_2013	491435	TRUE	12.381914	TRUE
5354	13	418.755	13_38372073-13_38387816	5	1	60.6697	69.9756	79.2814	531.643	13.6	-9.30583	0.981	Plant_height_0812_2013	493874	TRUE	38.372073	TRUE
5656	14	118.77	14_21836161	2.66	1	76.9151	70.0914	63.2678	569.319	7.4	6.82365	0.995	Plant_height_0812_2013	494176	TRUE	21.836161	TRUE
5680	14	132.276	14_33335255	2.95	1	76.7651	69.4808	62.1964	564.408	8.2	7.28437	0.981	Plant_height_0812_2013	494200	TRUE	33.335255	TRUE
7113	18	103.352	18_5825000-18_6425494	4.11	1	62.3561	71.1557	79.9552	545.647	11.3	-8.79959	0.939	Plant_height_0812_2013	495633	TRUE	5.825	TRUE
7212	18	172.991	18_18838028	2.52	1	64.0755	70.7553	77.4352	571.508	7.1	-6.67989	0.994	Plant_height_0812_2013	495732	TRUE	18.838028	TRUE
7254	18	197.502	18_39486020	2.54	1	64.7301	71.6837	78.6373	571.154	7.1	-6.9536	1	Plant_height_0812_2013	495774	TRUE	39.48602	TRUE
7321	18	243.531	18_49963930-18_50113029	2.56	1	63.7205	70.4354	77.1503	570.956	7.2	-6.71491	0.984	Plant_height_0812_2013	495841	TRUE	49.96393	TRUE
7525	19	26.953	19_1353843	3.29	1	62.5873	70.1423	77.6974	558.934	9.1	-7.55507	0.995	Plant_height_0812_2013	496045	TRUE	1.353843	TRUE
103	1	79.52	01_5510251-01_5689603	2.45	1	57.4038	53.272	49.1402	239.781	6.4	4.13178	0.977	Plant_height_0806_2013	496903	TRUE	5.510251	TRUE
400	2	5.574	02_843536-02_1513011	2.06	1	50.129	54.0566	57.9842	242.322	5.4	-3.92761	0.931	Plant_height_0806_2013	497200	TRUE	0.843536	TRUE
2389	7	78.841	07_5770525-07_5770541	2.71	1	49.3484	53.8502	58.3519	238.149	7	-4.50177	0.904	Plant_height_0806_2013	499189	TRUE	5.770525	TRUE
3998	10	331.704	10_50324088	2.42	1	57.5718	53.5535	49.5352	240.013	6.3	4.01828	0.994	Plant_height_0806_2013	500798	TRUE	50.324088	TRUE
5348	13	414.176	13_37903175	5.28	1	47.3804	53.2689	59.1574	222.279	13.2	-5.88853	0.982	Plant_height_0806_2013	502148	TRUE	37.903175	TRUE
5633	14	101.655	14_8806046-14_9782051	2.15	1	57.4914	53.5645	49.6375	241.743	5.6	3.92695	0.941	Plant_height_0806_2013	502433	TRUE	8.806046	TRUE
5694	14	140.266	14_34720073	2.48	1	57.024	52.8671	48.7102	239.635	6.4	4.15693	0.998	Plant_height_0806_2013	502494	TRUE	34.720073	TRUE
5717	14	159.072	14_41997345	2.1	1	57.2868	53.4968	49.7067	242.046	5.5	3.79006	1	Plant_height_0806_2013	502517	TRUE	41.997345	TRUE
6902	17	262.875	17_38549754	2	1	56.8554	53.136	49.4166	242.706	5.2	3.71937	0.991	Plant_height_0806_2013	503702	TRUE	38.549754	TRUE
7094	18	90.056	18_4802186	7.63	1	47.0411	54.089	61.1368	208.732	18.5	-7.04783	0.978	Plant_height_0806_2013	503894	TRUE	4.802186	TRUE
7172	18	147.53	18_10941968	4.03	1	47.8309	53.0148	58.1987	229.856	10.2	-5.18393	0.998	Plant_height_0806_2013	503972	TRUE	10.941968	TRUE
7210	18	172.056	18_18506021	3.07	1	48.8915	53.4397	57.988	235.833	7.9	-4.54829	0.986	Plant_height_0806_2013	504010	TRUE	18.506021	TRUE
7254	18	197.502	18_39486020	2.87	1	49.6575	54.2116	58.7657	237.103	7.4	-4.55409	1	Plant_height_0806_2013	504054	TRUE	39.48602	TRUE
7527	19	28.953	19_1353843-19_2167576	3.33	1	48.4407	53.3948	58.349	234.234	8.5	-4.95412	0.897	Plant_height_0806_2013	504327	TRUE	1.353843	TRUE
4457	12	93.476	12_5797776	4.83	1	19.6922	21.6787	23.6651	29.7399	11.6	-1.98645	1	Node_number_2011	509537	TRUE	5.797776	TRUE
7849	19	269.562	19_45523455-19_46231927	12.72	1	17.998	21.2357	24.4735	24.3037	27.8	-3.23775	0.933	Node_number_2011	512929	TRUE	45.523455	TRUE
4454	12	91.376	12_5661593	3.81	1	21.1826	22.8536	24.5247	26.2034	9.4	-1.67101	1	Node_number_2012	517814	TRUE	5.661593	TRUE
7342	18	261.197	18_50504231-18_56707058	2.01	1	21.388	23.0772	24.7664	27.4538	5.1	-1.68921	0.534	Node_number_2012	520702	TRUE	50.504231	TRUE
7356	18	273.067	18_57154237	2.54	1	21.6329	22.9987	24.3645	27.0808	6.4	-1.36581	0.992	Node_number_2012	520716	TRUE	57.154237	TRUE
7848	19	268.562	19_45523455	16.71	1	19.035	22.3165	25.5979	18.7673	35.1	-3.28145	0.993	Node_number_2012	521208	TRUE	45.523455	TRUE
397	2	3.653	02_797757	2.01	1	19.2609	20.5255	21.79	25.9893	5.6	-1.26457	0.996	Node_number_2013	522037	TRUE	0.797757	TRUE
4469	12	102.772	12_6048045-12_6512311	3.14	1	18.7574	20.3332	21.9089	25.1673	8.6	-1.57575	0.963	Node_number_2013	526109	TRUE	6.048045	TRUE
4604	12	196.569	12_23506861	2.15	1	19.0903	20.3812	21.672	25.8889	6	-1.29089	0.994	Node_number_2013	526244	TRUE	23.506861	TRUE
7849	19	269.562	19_45523455-19_46231927	7.62	1	17.4428	19.8855	22.3282	22.1364	19.6	-2.44271	0.933	Node_number_2013	529489	TRUE	45.523455	TRUE
1162	4	69.175	04_9484691-04_9879341	3.13	1	2.30044	2.68895	3.07746	1.70416	7.9	-0.38851	0.975	Cracking_Fuzhou_2019	531082	TRUE	9.484691	TRUE
1263	4	132.537	04_45303358-04_45699343	4.9	1	2.16633	2.65914	3.15195	1.62699	12	-0.492809	0.929	Cracking_Fuzhou_2019	531183	TRUE	45.303358	TRUE
1885	6	57.616	06_5951736	2.23	1	2.34676	2.67376	3.00076	1.74502	5.7	-0.326999	0.984	Cracking_Fuzhou_2019	531805	TRUE	5.951736	TRUE
2064	6	200.689	06_16135428	2.12	1	2.38853	2.71035	3.03216	1.7501	5.4	-0.321812	0.993	Cracking_Fuzhou_2019	531984	TRUE	16.135428	TRUE
3531	9	281.389	09_45922483	2.8	1	2.28848	2.65288	3.01728	1.7192	7.1	-0.364401	1	Cracking_Fuzhou_2019	533451	TRUE	45.922483	TRUE
6497	16	196.545	16_33673328-16_33995049	2.32	1	2.35816	2.71086	3.06355	1.74087	5.9	-0.352696	0.894	Cracking_Fuzhou_2019	536417	TRUE	33.673328	TRUE
7126	18	113.54	18_7285634	2.04	1	2.36772	2.68436	3.00101	1.75347	5.2	-0.316643	0.981	Cracking_Fuzhou_2019	537046	TRUE	7.285634	TRUE
7611	19	92.977	19_4877945	2.96	1	2.28551	2.65909	3.03266	1.71172	7.5	-0.373575	1	Cracking_Fuzhou_2019	537531	TRUE	4.877945	TRUE
7641	19	111.793	19_32052794	2.57	1	2.32954	2.67893	3.02833	1.7294	6.5	-0.349394	1	Cracking_Fuzhou_2019	537561	TRUE	32.052794	TRUE
8035	20	73.7	20_4335902	2.01	1	2.31294	2.62825	2.94356	1.75505	5.1	-0.315308	0.974	Cracking_Fuzhou_2019	537955	TRUE	4.335902	TRUE
